128 6432 
0 127 0
0 124 0
0 121 0
0 119 0
0 118 0
0 116 0
0 113 0
0 109 0
0 108 0
0 107 0
0 104 0
0 102 0
0 101 0
0 99 0
0 97 0
0 96 0
0 91 0
0 90 0
0 89 0
0 87 0
0 79 0
0 78 0
0 77 0
0 75 0
0 73 0
0 72 0
0 71 0
0 69 0
0 67 0
0 66 0
0 64 0
0 63 0
0 61 0
0 56 0
0 54 0
0 46 0
0 43 0
0 42 0
0 38 0
0 36 0
0 32 0
0 31 0
0 30 0
0 27 0
0 26 0
0 22 0
0 18 0
0 15 0
0 11 0
0 7 0
1 127 0
1 126 0
1 125 0
1 122 0
1 121 0
1 117 0
1 115 0
1 114 0
1 113 0
1 112 0
1 110 0
1 109 0
1 107 0
1 106 0
1 105 0
1 100 0
1 99 0
1 98 0
1 95 0
1 94 0
1 93 0
1 92 0
1 91 0
1 90 0
1 88 0
1 87 0
1 85 0
1 83 0
1 82 0
1 81 0
1 75 0
1 74 0
1 72 0
1 70 0
1 69 0
1 68 0
1 67 0
1 66 0
1 65 0
1 63 0
1 61 0
1 60 0
1 59 0
1 57 0
1 55 0
1 52 0
1 51 0
1 45 0
1 44 0
1 42 0
1 40 0
1 37 0
1 35 0
1 29 0
1 27 0
1 26 0
1 24 0
1 23 0
1 22 0
1 21 0
1 19 0
1 18 0
1 13 0
1 12 0
1 9 0
1 7 0
1 6 0
1 5 0
2 123 0
2 120 0
2 103 0
2 86 0
2 84 0
2 80 0
2 76 0
2 62 0
2 58 0
2 53 0
2 49 0
2 48 0
2 47 0
2 41 0
2 39 0
2 36 0
2 34 0
2 33 0
2 32 0
2 31 0
2 28 0
2 25 0
2 20 0
2 17 0
2 16 0
2 15 0
2 14 0
2 11 0
2 10 0
2 8 0
2 4 0
2 3 0
3 123 0
3 111 0
3 103 0
3 86 0
3 84 0
3 80 0
3 76 0
3 62 0
3 58 0
3 53 0
3 49 0
3 48 0
3 47 0
3 41 0
3 39 0
3 28 0
3 25 0
3 20 0
3 17 0
3 16 0
3 14 0
3 10 0
3 8 0
3 4 0
3 2 0
4 123 0
4 120 0
4 116 0
4 111 0
4 103 0
4 101 0
4 86 0
4 84 0
4 80 0
4 76 0
4 73 0
4 62 0
4 58 0
4 53 0
4 49 0
4 48 0
4 47 0
4 46 0
4 41 0
4 39 0
4 36 0
4 34 0
4 32 0
4 31 0
4 28 0
4 25 0
4 20 0
4 17 0
4 15 0
4 14 0
4 11 0
4 10 0
4 8 0
4 3 0
4 2 0
5 127 0
5 126 0
5 125 0
5 122 0
5 121 0
5 115 0
5 114 0
5 112 0
5 110 0
5 109 0
5 107 0
5 106 0
5 105 0
5 102 0
5 97 0
5 95 0
5 94 0
5 92 0
5 91 0
5 90 0
5 88 0
5 87 0
5 83 0
5 75 0
5 74 0
5 70 0
5 69 0
5 68 0
5 67 0
5 66 0
5 65 0
5 63 0
5 61 0
5 59 0
5 56 0
5 55 0
5 54 0
5 52 0
5 51 0
5 44 0
5 40 0
5 37 0
5 29 0
5 27 0
5 26 0
5 23 0
5 22 0
5 19 0
5 12 0
5 9 0
5 7 0
5 1 0
6 127 0
6 126 0
6 125 0
6 124 0
6 122 0
6 121 0
6 117 0
6 116 0
6 115 0
6 114 0
6 113 0
6 112 0
6 110 0
6 109 0
6 107 0
6 106 0
6 104 0
6 101 0
6 100 0
6 99 0
6 98 0
6 96 0
6 93 0
6 92 0
6 91 0
6 90 0
6 89 0
6 87 0
6 85 0
6 82 0
6 81 0
6 78 0
6 77 0
6 75 0
6 74 0
6 73 0
6 72 0
6 68 0
6 67 0
6 65 0
6 64 0
6 63 0
6 61 0
6 60 0
6 57 0
6 52 0
6 51 0
6 50 0
6 45 0
6 44 0
6 42 0
6 40 0
6 38 0
6 37 0
6 35 0
6 29 0
6 27 0
6 26 0
6 24 0
6 23 0
6 21 0
6 19 0
6 18 0
6 13 0
6 9 0
6 7 0
6 1 0
7 127 0
7 126 0
7 125 0
7 124 0
7 122 0
7 121 0
7 117 0
7 116 0
7 115 0
7 114 0
7 113 0
7 112 0
7 110 0
7 109 0
7 108 0
7 107 0
7 106 0
7 104 0
7 102 0
7 101 0
7 100 0
7 99 0
7 98 0
7 97 0
7 96 0
7 95 0
7 93 0
7 92 0
7 91 0
7 90 0
7 89 0
7 88 0
7 87 0
7 85 0
7 83 0
7 82 0
7 81 0
7 79 0
7 78 0
7 77 0
7 75 0
7 74 0
7 73 0
7 72 0
7 70 0
7 69 0
7 68 0
7 67 0
7 66 0
7 65 0
7 64 0
7 63 0
7 61 0
7 60 0
7 57 0
7 56 0
7 54 0
7 52 0
7 51 0
7 50 0
7 45 0
7 44 0
7 42 0
7 40 0
7 38 0
7 37 0
7 35 0
7 32 0
7 29 0
7 27 0
7 26 0
7 24 0
7 23 0
7 19 0
7 18 0
7 15 0
7 13 0
7 12 0
7 9 0
7 6 0
7 5 0
7 1 0
7 0 0
8 123 0
8 111 0
8 103 0
8 86 0
8 84 0
8 80 0
8 76 0
8 62 0
8 58 0
8 53 0
8 49 0
8 48 0
8 47 0
8 41 0
8 39 0
8 28 0
8 25 0
8 20 0
8 17 0
8 16 0
8 14 0
8 10 0
8 4 0
8 3 0
8 2 0
9 127 0
9 126 0
9 125 0
9 122 0
9 121 0
9 117 0
9 115 0
9 114 0
9 113 0
9 112 0
9 110 0
9 109 0
9 106 0
9 99 0
9 98 0
9 95 0
9 93 0
9 92 0
9 91 0
9 90 0
9 88 0
9 87 0
9 85 0
9 83 0
9 82 0
9 81 0
9 75 0
9 74 0
9 72 0
9 70 0
9 69 0
9 68 0
9 67 0
9 65 0
9 63 0
9 61 0
9 60 0
9 59 0
9 57 0
9 55 0
9 52 0
9 51 0
9 45 0
9 44 0
9 42 0
9 40 0
9 37 0
9 35 0
9 29 0
9 27 0
9 26 0
9 24 0
9 23 0
9 22 0
9 21 0
9 19 0
9 18 0
9 13 0
9 12 0
9 7 0
9 6 0
9 5 0
9 1 0
10 123 0
10 103 0
10 84 0
10 80 0
10 62 0
10 58 0
10 49 0
10 48 0
10 41 0
10 39 0
10 34 0
10 25 0
10 20 0
10 17 0
10 16 0
10 8 0
10 4 0
10 3 0
10 2 0
11 127 0
11 124 0
11 120 0
11 119 0
11 118 0
11 116 0
11 113 0
11 111 0
11 109 0
11 108 0
11 107 0
11 104 0
11 102 0
11 101 0
11 97 0
11 96 0
11 89 0
11 86 0
11 79 0
11 78 0
11 77 0
11 73 0
11 71 0
11 66 0
11 56 0
11 54 0
11 47 0
11 46 0
11 43 0
11 38 0
11 36 0
11 34 0
11 32 0
11 31 0
11 30 0
11 28 0
11 26 0
11 15 0
11 4 0
11 2 0
11 0 0
12 127 0
12 126 0
12 125 0
12 122 0
12 121 0
12 115 0
12 114 0
12 112 0
12 110 0
12 107 0
12 106 0
12 105 0
12 102 0
12 95 0
12 94 0
12 93 0
12 92 0
12 91 0
12 90 0
12 88 0
12 87 0
12 85 0
12 83 0
12 81 0
12 75 0
12 74 0
12 70 0
12 69 0
12 68 0
12 67 0
12 66 0
12 65 0
12 63 0
12 61 0
12 60 0
12 59 0
12 57 0
12 56 0
12 55 0
12 54 0
12 52 0
12 51 0
12 44 0
12 40 0
12 37 0
12 29 0
12 27 0
12 26 0
12 24 0
12 23 0
12 22 0
12 19 0
12 9 0
12 7 0
12 5 0
12 1 0
13 127 0
13 126 0
13 125 0
13 124 0
13 122 0
13 117 0
13 116 0
13 115 0
13 114 0
13 113 0
13 112 0
13 109 0
13 107 0
13 106 0
13 104 0
13 100 0
13 99 0
13 98 0
13 96 0
13 93 0
13 92 0
13 91 0
13 90 0
13 89 0
13 87 0
13 85 0
13 82 0
13 81 0
13 78 0
13 77 0
13 75 0
13 74 0
13 73 0
13 72 0
13 68 0
13 67 0
13 65 0
13 64 0
13 61 0
13 57 0
13 52 0
13 51 0
13 50 0
13 45 0
13 44 0
13 42 0
13 38 0
13 37 0
13 29 0
13 27 0
13 26 0
13 24 0
13 23 0
13 19 0
13 18 0
13 9 0
13 7 0
13 6 0
13 1 0
14 123 0
14 111 0
14 103 0
14 76 0
14 58 0
14 53 0
14 48 0
14 47 0
14 39 0
14 36 0
14 28 0
14 25 0
14 20 0
14 17 0
14 8 0
14 4 0
14 3 0
14 2 0
15 127 0
15 124 0
15 120 0
15 119 0
15 116 0
15 113 0
15 109 0
15 108 0
15 107 0
15 104 0
15 101 0
15 100 0
15 99 0
15 97 0
15 96 0
15 89 0
15 86 0
15 79 0
15 78 0
15 77 0
15 73 0
15 72 0
15 64 0
15 50 0
15 47 0
15 46 0
15 43 0
15 42 0
15 38 0
15 36 0
15 34 0
15 33 0
15 32 0
15 31 0
15 30 0
15 26 0
15 18 0
15 11 0
15 7 0
15 4 0
15 2 0
15 0 0
16 103 0
16 84 0
16 80 0
16 62 0
16 58 0
16 49 0
16 48 0
16 41 0
16 20 0
16 10 0
16 8 0
16 3 0
16 2 0
17 123 0
17 111 0
17 103 0
17 86 0
17 84 0
17 80 0
17 76 0
17 62 0
17 58 0
17 53 0
17 49 0
17 48 0
17 47 0
17 41 0
17 39 0
17 28 0
17 25 0
17 20 0
17 14 0
17 10 0
17 8 0
17 4 0
17 3 0
17 2 0
18 127 0
18 125 0
18 124 0
18 122 0
18 121 0
18 120 0
18 116 0
18 114 0
18 113 0
18 112 0
18 109 0
18 108 0
18 107 0
18 106 0
18 104 0
18 101 0
18 100 0
18 99 0
18 98 0
18 96 0
18 93 0
18 91 0
18 90 0
18 89 0
18 87 0
18 82 0
18 79 0
18 78 0
18 77 0
18 75 0
18 74 0
18 73 0
18 72 0
18 68 0
18 67 0
18 66 0
18 65 0
18 64 0
18 63 0
18 61 0
18 57 0
18 51 0
18 50 0
18 44 0
18 42 0
18 38 0
18 33 0
18 32 0
18 29 0
18 27 0
18 26 0
18 19 0
18 15 0
18 13 0
18 9 0
18 7 0
18 6 0
18 1 0
18 0 0
19 127 0
19 126 0
19 125 0
19 122 0
19 121 0
19 117 0
19 115 0
19 114 0
19 113 0
19 112 0
19 110 0
19 109 0
19 106 0
19 100 0
19 99 0
19 98 0
19 95 0
19 93 0
19 92 0
19 91 0
19 90 0
19 88 0
19 87 0
19 85 0
19 83 0
19 82 0
19 81 0
19 75 0
19 74 0
19 72 0
19 70 0
19 68 0
19 67 0
19 65 0
19 63 0
19 61 0
19 60 0
19 57 0
19 52 0
19 51 0
19 45 0
19 44 0
19 42 0
19 40 0
19 38 0
19 37 0
19 35 0
19 29 0
19 27 0
19 26 0
19 24 0
19 23 0
19 21 0
19 18 0
19 13 0
19 12 0
19 9 0
19 7 0
19 6 0
19 5 0
19 1 0
20 123 0
20 111 0
20 103 0
20 86 0
20 84 0
20 80 0
20 76 0
20 62 0
20 58 0
20 53 0
20 49 0
20 48 0
20 47 0
20 41 0
20 39 0
20 28 0
20 25 0
20 17 0
20 16 0
20 14 0
20 10 0
20 8 0
20 4 0
20 3 0
20 2 0
21 126 0
21 125 0
21 122 0
21 117 0
21 115 0
21 114 0
21 112 0
21 110 0
21 106 0
21 98 0
21 93 0
21 92 0
21 91 0
21 90 0
21 85 0
21 83 0
21 82 0
21 81 0
21 74 0
21 68 0
21 67 0
21 65 0
21 61 0
21 60 0
21 57 0
21 52 0
21 51 0
21 45 0
21 44 0
21 40 0
21 37 0
21 35 0
21 29 0
21 27 0
21 24 0
21 23 0
21 19 0
21 9 0
21 6 0
21 1 0
22 127 0
22 126 0
22 125 0
22 122 0
22 121 0
22 118 0
22 112 0
22 110 0
22 109 0
22 108 0
22 107 0
22 106 0
22 105 0
22 102 0
22 97 0
22 95 0
22 94 0
22 92 0
22 91 0
22 90 0
22 88 0
22 87 0
22 83 0
22 75 0
22 74 0
22 71 0
22 70 0
22 69 0
22 67 0
22 66 0
22 65 0
22 63 0
22 61 0
22 59 0
22 56 0
22 55 0
22 54 0
22 51 0
22 44 0
22 43 0
22 40 0
22 27 0
22 26 0
22 23 0
22 12 0
22 9 0
22 5 0
22 1 0
22 0 0
23 127 0
23 126 0
23 125 0
23 122 0
23 121 0
23 117 0
23 115 0
23 114 0
23 112 0
23 110 0
23 106 0
23 99 0
23 98 0
23 95 0
23 93 0
23 92 0
23 91 0
23 90 0
23 88 0
23 87 0
23 85 0
23 83 0
23 82 0
23 81 0
23 75 0
23 74 0
23 72 0
23 70 0
23 69 0
23 68 0
23 67 0
23 65 0
23 63 0
23 61 0
23 60 0
23 59 0
23 57 0
23 52 0
23 51 0
23 45 0
23 44 0
23 42 0
23 40 0
23 37 0
23 35 0
23 29 0
23 27 0
23 26 0
23 24 0
23 22 0
23 21 0
23 19 0
23 13 0
23 12 0
23 9 0
23 7 0
23 6 0
23 5 0
23 1 0
24 127 0
24 126 0
24 125 0
24 122 0
24 117 0
24 115 0
24 114 0
24 112 0
24 110 0
24 106 0
24 99 0
24 98 0
24 95 0
24 93 0
24 92 0
24 91 0
24 90 0
24 87 0
24 85 0
24 83 0
24 82 0
24 81 0
24 75 0
24 74 0
24 72 0
24 70 0
24 68 0
24 67 0
24 65 0
24 61 0
24 60 0
24 57 0
24 52 0
24 51 0
24 45 0
24 44 0
24 42 0
24 40 0
24 37 0
24 35 0
24 29 0
24 27 0
24 26 0
24 23 0
24 21 0
24 19 0
24 13 0
24 12 0
24 9 0
24 7 0
24 6 0
24 1 0
25 123 0
25 111 0
25 103 0
25 86 0
25 84 0
25 80 0
25 76 0
25 62 0
25 58 0
25 53 0
25 49 0
25 48 0
25 47 0
25 41 0
25 39 0
25 28 0
25 20 0
25 17 0
25 14 0
25 10 0
25 8 0
25 4 0
25 3 0
25 2 0
26 127 0
26 126 0
26 125 0
26 124 0
26 122 0
26 121 0
26 119 0
26 118 0
26 116 0
26 115 0
26 114 0
26 113 0
26 112 0
26 110 0
26 109 0
26 108 0
26 107 0
26 106 0
26 104 0
26 102 0
26 101 0
26 100 0
26 99 0
26 98 0
26 97 0
26 96 0
26 95 0
26 93 0
26 92 0
26 91 0
26 90 0
26 89 0
26 88 0
26 87 0
26 83 0
26 82 0
26 79 0
26 78 0
26 77 0
26 75 0
26 74 0
26 73 0
26 72 0
26 71 0
26 70 0
26 69 0
26 68 0
26 67 0
26 66 0
26 65 0
26 64 0
26 63 0
26 61 0
26 59 0
26 57 0
26 56 0
26 54 0
26 52 0
26 51 0
26 45 0
26 44 0
26 43 0
26 42 0
26 40 0
26 38 0
26 37 0
26 32 0
26 31 0
26 30 0
26 29 0
26 27 0
26 24 0
26 23 0
26 22 0
26 19 0
26 18 0
26 15 0
26 13 0
26 12 0
26 11 0
26 9 0
26 7 0
26 6 0
26 5 0
26 1 0
26 0 0
27 127 0
27 126 0
27 125 0
27 124 0
27 122 0
27 121 0
27 117 0
27 116 0
27 115 0
27 114 0
27 113 0
27 112 0
27 110 0
27 109 0
27 108 0
27 107 0
27 106 0
27 104 0
27 101 0
27 100 0
27 99 0
27 98 0
27 96 0
27 95 0
27 93 0
27 92 0
27 91 0
27 90 0
27 89 0
27 88 0
27 87 0
27 85 0
27 83 0
27 82 0
27 81 0
27 79 0
27 78 0
27 77 0
27 75 0
27 74 0
27 73 0
27 72 0
27 70 0
27 69 0
27 68 0
27 67 0
27 66 0
27 65 0
27 64 0
27 63 0
27 61 0
27 60 0
27 57 0
27 54 0
27 52 0
27 51 0
27 45 0
27 44 0
27 42 0
27 40 0
27 38 0
27 37 0
27 35 0
27 29 0
27 26 0
27 24 0
27 23 0
27 22 0
27 21 0
27 19 0
27 18 0
27 13 0
27 12 0
27 9 0
27 7 0
27 6 0
27 5 0
27 1 0
27 0 0
28 123 0
28 111 0
28 103 0
28 86 0
28 76 0
28 58 0
28 53 0
28 48 0
28 47 0
28 46 0
28 39 0
28 36 0
28 31 0
28 25 0
28 20 0
28 17 0
28 14 0
28 11 0
28 8 0
28 4 0
28 3 0
28 2 0
29 127 0
29 126 0
29 125 0
29 122 0
29 121 0
29 117 0
29 115 0
29 114 0
29 113 0
29 112 0
29 110 0
29 106 0
29 99 0
29 98 0
29 95 0
29 93 0
29 92 0
29 91 0
29 90 0
29 88 0
29 87 0
29 85 0
29 83 0
29 82 0
29 81 0
29 75 0
29 74 0
29 72 0
29 70 0
29 69 0
29 68 0
29 67 0
29 65 0
29 63 0
29 61 0
29 60 0
29 59 0
29 57 0
29 52 0
29 51 0
29 45 0
29 44 0
29 42 0
29 40 0
29 37 0
29 35 0
29 27 0
29 26 0
29 24 0
29 23 0
29 21 0
29 19 0
29 18 0
29 13 0
29 12 0
29 9 0
29 7 0
29 6 0
29 5 0
29 1 0
30 127 0
30 124 0
30 121 0
30 119 0
30 118 0
30 116 0
30 113 0
30 111 0
30 109 0
30 108 0
30 107 0
30 104 0
30 102 0
30 101 0
30 97 0
30 96 0
30 89 0
30 87 0
30 79 0
30 78 0
30 77 0
30 75 0
30 73 0
30 71 0
30 69 0
30 66 0
30 63 0
30 56 0
30 54 0
30 46 0
30 43 0
30 42 0
30 38 0
30 36 0
30 32 0
30 31 0
30 26 0
30 15 0
30 11 0
30 0 0
31 127 0
31 120 0
31 119 0
31 116 0
31 113 0
31 111 0
31 109 0
31 108 0
31 107 0
31 104 0
31 102 0
31 101 0
31 97 0
31 96 0
31 89 0
31 86 0
31 79 0
31 78 0
31 73 0
31 71 0
31 64 0
31 56 0
31 54 0
31 47 0
31 46 0
31 43 0
31 38 0
31 36 0
31 34 0
31 32 0
31 30 0
31 28 0
31 26 0
31 15 0
31 11 0
31 4 0
31 2 0
31 0 0
32 127 0
32 124 0
32 120 0
32 119 0
32 116 0
32 113 0
32 111 0
32 109 0
32 108 0
32 107 0
32 104 0
32 102 0
32 101 0
32 100 0
32 99 0
32 97 0
32 96 0
32 90 0
32 89 0
32 87 0
32 86 0
32 79 0
32 78 0
32 77 0
32 75 0
32 73 0
32 72 0
32 71 0
32 64 0
32 61 0
32 56 0
32 54 0
32 50 0
32 47 0
32 46 0
32 43 0
32 42 0
32 38 0
32 36 0
32 34 0
32 33 0
32 31 0
32 30 0
32 26 0
32 18 0
32 15 0
32 11 0
32 7 0
32 4 0
32 2 0
32 0 0
33 124 0
33 120 0
33 116 0
33 113 0
33 104 0
33 100 0
33 96 0
33 86 0
33 80 0
33 77 0
33 73 0
33 72 0
33 64 0
33 62 0
33 50 0
33 49 0
33 38 0
33 34 0
33 32 0
33 18 0
33 15 0
33 2 0
34 124 0
34 120 0
34 116 0
34 113 0
34 104 0
34 101 0
34 96 0
34 89 0
34 86 0
34 80 0
34 79 0
34 78 0
34 77 0
34 73 0
34 64 0
34 62 0
34 50 0
34 49 0
34 47 0
34 46 0
34 41 0
34 38 0
34 36 0
34 33 0
34 32 0
34 31 0
34 15 0
34 11 0
34 10 0
34 4 0
34 2 0
35 126 0
35 125 0
35 122 0
35 117 0
35 115 0
35 114 0
35 112 0
35 110 0
35 106 0
35 98 0
35 95 0
35 93 0
35 92 0
35 91 0
35 90 0
35 87 0
35 85 0
35 83 0
35 82 0
35 81 0
35 74 0
35 68 0
35 67 0
35 65 0
35 61 0
35 60 0
35 57 0
35 52 0
35 51 0
35 45 0
35 44 0
35 40 0
35 37 0
35 29 0
35 27 0
35 24 0
35 23 0
35 21 0
35 19 0
35 9 0
35 7 0
35 6 0
35 1 0
36 119 0
36 118 0
36 116 0
36 111 0
36 109 0
36 108 0
36 107 0
36 104 0
36 102 0
36 101 0
36 97 0
36 89 0
36 86 0
36 79 0
36 78 0
36 76 0
36 73 0
36 71 0
36 56 0
36 54 0
36 53 0
36 47 0
36 46 0
36 43 0
36 34 0
36 32 0
36 31 0
36 30 0
36 28 0
36 15 0
36 14 0
36 11 0
36 4 0
36 2 0
36 0 0
37 127 0
37 126 0
37 125 0
37 122 0
37 121 0
37 117 0
37 115 0
37 114 0
37 112 0
37 110 0
37 106 0
37 99 0
37 98 0
37 95 0
37 93 0
37 92 0
37 91 0
37 90 0
37 88 0
37 87 0
37 85 0
37 83 0
37 82 0
37 81 0
37 75 0
37 74 0
37 70 0
37 68 0
37 67 0
37 65 0
37 61 0
37 60 0
37 59 0
37 57 0
37 52 0
37 51 0
37 45 0
37 44 0
37 42 0
37 40 0
37 35 0
37 29 0
37 27 0
37 26 0
37 24 0
37 23 0
37 21 0
37 19 0
37 13 0
37 12 0
37 9 0
37 7 0
37 6 0
37 5 0
37 1 0
38 127 0
38 125 0
38 124 0
38 122 0
38 121 0
38 120 0
38 116 0
38 114 0
38 113 0
38 112 0
38 109 0
38 108 0
38 107 0
38 106 0
38 104 0
38 102 0
38 101 0
38 100 0
38 99 0
38 98 0
38 97 0
38 96 0
38 93 0
38 91 0
38 90 0
38 89 0
38 87 0
38 82 0
38 79 0
38 78 0
38 77 0
38 75 0
38 73 0
38 72 0
38 68 0
38 67 0
38 65 0
38 64 0
38 63 0
38 61 0
38 56 0
38 54 0
38 51 0
38 50 0
38 44 0
38 42 0
38 34 0
38 33 0
38 32 0
38 31 0
38 30 0
38 27 0
38 26 0
38 19 0
38 18 0
38 15 0
38 13 0
38 11 0
38 7 0
38 6 0
38 0 0
39 123 0
39 111 0
39 103 0
39 84 0
39 80 0
39 76 0
39 58 0
39 53 0
39 48 0
39 47 0
39 41 0
39 28 0
39 25 0
39 20 0
39 17 0
39 14 0
39 10 0
39 8 0
39 4 0
39 3 0
39 2 0
40 127 0
40 126 0
40 125 0
40 122 0
40 121 0
40 117 0
40 115 0
40 114 0
40 112 0
40 110 0
40 106 0
40 98 0
40 95 0
40 93 0
40 92 0
40 91 0
40 90 0
40 88 0
40 87 0
40 85 0
40 83 0
40 82 0
40 81 0
40 75 0
40 74 0
40 70 0
40 69 0
40 68 0
40 67 0
40 65 0
40 61 0
40 60 0
40 59 0
40 57 0
40 55 0
40 52 0
40 51 0
40 45 0
40 44 0
40 42 0
40 37 0
40 35 0
40 29 0
40 27 0
40 26 0
40 24 0
40 23 0
40 22 0
40 21 0
40 19 0
40 12 0
40 9 0
40 7 0
40 6 0
40 5 0
40 1 0
41 123 0
41 103 0
41 86 0
41 84 0
41 80 0
41 62 0
41 58 0
41 49 0
41 48 0
41 47 0
41 39 0
41 34 0
41 25 0
41 20 0
41 17 0
41 16 0
41 10 0
41 8 0
41 4 0
41 3 0
41 2 0
42 127 0
42 126 0
42 125 0
42 124 0
42 122 0
42 121 0
42 117 0
42 116 0
42 115 0
42 114 0
42 113 0
42 112 0
42 110 0
42 109 0
42 108 0
42 107 0
42 106 0
42 104 0
42 102 0
42 101 0
42 100 0
42 99 0
42 98 0
42 97 0
42 96 0
42 95 0
42 93 0
42 92 0
42 91 0
42 90 0
42 89 0
42 87 0
42 85 0
42 82 0
42 81 0
42 79 0
42 78 0
42 77 0
42 75 0
42 74 0
42 73 0
42 72 0
42 70 0
42 69 0
42 68 0
42 67 0
42 66 0
42 65 0
42 64 0
42 63 0
42 61 0
42 57 0
42 56 0
42 54 0
42 52 0
42 51 0
42 50 0
42 45 0
42 44 0
42 40 0
42 38 0
42 37 0
42 32 0
42 30 0
42 29 0
42 27 0
42 26 0
42 24 0
42 23 0
42 19 0
42 18 0
42 15 0
42 13 0
42 9 0
42 7 0
42 6 0
42 1 0
42 0 0
43 127 0
43 121 0
43 119 0
43 118 0
43 116 0
43 113 0
43 111 0
43 109 0
43 108 0
43 107 0
43 104 0
43 102 0
43 101 0
43 97 0
43 89 0
43 88 0
43 87 0
43 79 0
43 78 0
43 75 0
43 73 0
43 71 0
43 70 0
43 69 0
43 66 0
43 63 0
43 56 0
43 54 0
43 46 0
43 36 0
43 32 0
43 31 0
43 30 0
43 26 0
43 22 0
43 15 0
43 11 0
43 0 0
44 127 0
44 126 0
44 125 0
44 124 0
44 122 0
44 121 0
44 117 0
44 115 0
44 114 0
44 113 0
44 112 0
44 110 0
44 109 0
44 107 0
44 106 0
44 100 0
44 99 0
44 98 0
44 95 0
44 93 0
44 92 0
44 91 0
44 90 0
44 89 0
44 88 0
44 87 0
44 85 0
44 83 0
44 82 0
44 81 0
44 78 0
44 77 0
44 75 0
44 74 0
44 73 0
44 72 0
44 70 0
44 69 0
44 68 0
44 67 0
44 65 0
44 63 0
44 61 0
44 60 0
44 59 0
44 57 0
44 52 0
44 51 0
44 45 0
44 42 0
44 40 0
44 38 0
44 37 0
44 35 0
44 29 0
44 27 0
44 26 0
44 24 0
44 23 0
44 22 0
44 21 0
44 19 0
44 18 0
44 13 0
44 12 0
44 9 0
44 7 0
44 6 0
44 5 0
44 1 0
45 127 0
45 126 0
45 125 0
45 122 0
45 117 0
45 115 0
45 114 0
45 112 0
45 110 0
45 106 0
45 99 0
45 98 0
45 95 0
45 93 0
45 92 0
45 91 0
45 90 0
45 87 0
45 85 0
45 83 0
45 82 0
45 81 0
45 75 0
45 74 0
45 72 0
45 68 0
45 67 0
45 65 0
45 61 0
45 60 0
45 57 0
45 52 0
45 51 0
45 44 0
45 42 0
45 40 0
45 37 0
45 35 0
45 29 0
45 27 0
45 26 0
45 24 0
45 23 0
45 21 0
45 19 0
45 13 0
45 9 0
45 7 0
45 6 0
45 1 0
46 119 0
46 118 0
46 116 0
46 111 0
46 109 0
46 108 0
46 107 0
46 102 0
46 101 0
46 97 0
46 89 0
46 86 0
46 79 0
46 78 0
46 76 0
46 73 0
46 71 0
46 66 0
46 56 0
46 54 0
46 53 0
46 47 0
46 43 0
46 36 0
46 34 0
46 32 0
46 31 0
46 30 0
46 28 0
46 15 0
46 11 0
46 4 0
46 0 0
47 123 0
47 111 0
47 103 0
47 86 0
47 80 0
47 76 0
47 62 0
47 53 0
47 48 0
47 46 0
47 41 0
47 39 0
47 36 0
47 34 0
47 32 0
47 31 0
47 28 0
47 25 0
47 20 0
47 17 0
47 15 0
47 14 0
47 11 0
47 8 0
47 4 0
47 3 0
47 2 0
48 123 0
48 103 0
48 84 0
48 80 0
48 76 0
48 62 0
48 58 0
48 53 0
48 49 0
48 47 0
48 41 0
48 39 0
48 28 0
48 25 0
48 20 0
48 17 0
48 16 0
48 14 0
48 10 0
48 8 0
48 4 0
48 3 0
48 2 0
49 123 0
49 103 0
49 86 0
49 84 0
49 80 0
49 62 0
49 58 0
49 48 0
49 41 0
49 34 0
49 33 0
49 25 0
49 20 0
49 17 0
49 16 0
49 10 0
49 8 0
49 4 0
49 3 0
49 2 0
50 127 0
50 124 0
50 120 0
50 116 0
50 113 0
50 109 0
50 104 0
50 101 0
50 100 0
50 99 0
50 96 0
50 90 0
50 89 0
50 79 0
50 78 0
50 77 0
50 73 0
50 72 0
50 64 0
50 61 0
50 42 0
50 38 0
50 34 0
50 33 0
50 32 0
50 18 0
50 15 0
50 13 0
50 7 0
50 6 0
51 127 0
51 126 0
51 125 0
51 124 0
51 122 0
51 121 0
51 117 0
51 116 0
51 115 0
51 114 0
51 113 0
51 112 0
51 110 0
51 109 0
51 108 0
51 107 0
51 106 0
51 104 0
51 101 0
51 100 0
51 99 0
51 98 0
51 96 0
51 95 0
51 93 0
51 92 0
51 91 0
51 90 0
51 89 0
51 88 0
51 87 0
51 85 0
51 83 0
51 82 0
51 81 0
51 79 0
51 78 0
51 77 0
51 75 0
51 74 0
51 73 0
51 72 0
51 70 0
51 69 0
51 68 0
51 67 0
51 66 0
51 65 0
51 63 0
51 61 0
51 60 0
51 57 0
51 54 0
51 52 0
51 45 0
51 44 0
51 42 0
51 40 0
51 38 0
51 37 0
51 35 0
51 29 0
51 27 0
51 26 0
51 24 0
51 23 0
51 22 0
51 21 0
51 19 0
51 18 0
51 13 0
51 12 0
51 9 0
51 7 0
51 6 0
51 5 0
51 1 0
52 127 0
52 126 0
52 125 0
52 122 0
52 117 0
52 115 0
52 114 0
52 113 0
52 112 0
52 110 0
52 106 0
52 99 0
52 98 0
52 95 0
52 93 0
52 92 0
52 91 0
52 90 0
52 87 0
52 85 0
52 83 0
52 82 0
52 81 0
52 75 0
52 74 0
52 72 0
52 70 0
52 68 0
52 67 0
52 65 0
52 61 0
52 60 0
52 57 0
52 51 0
52 45 0
52 44 0
52 42 0
52 40 0
52 37 0
52 35 0
52 29 0
52 27 0
52 26 0
52 24 0
52 23 0
52 21 0
52 19 0
52 13 0
52 12 0
52 9 0
52 7 0
52 6 0
52 5 0
52 1 0
53 123 0
53 111 0
53 103 0
53 86 0
53 76 0
53 48 0
53 47 0
53 46 0
53 39 0
53 36 0
53 28 0
53 25 0
53 20 0
53 17 0
53 14 0
53 8 0
53 4 0
53 3 0
53 2 0
54 127 0
54 126 0
54 121 0
54 119 0
54 118 0
54 116 0
54 113 0
54 109 0
54 108 0
54 107 0
54 106 0
54 104 0
54 102 0
54 101 0
54 99 0
54 97 0
54 96 0
54 95 0
54 91 0
54 90 0
54 89 0
54 88 0
54 87 0
54 79 0
54 78 0
54 77 0
54 75 0
54 74 0
54 73 0
54 72 0
54 71 0
54 70 0
54 69 0
54 67 0
54 66 0
54 63 0
54 61 0
54 59 0
54 56 0
54 55 0
54 51 0
54 46 0
54 43 0
54 42 0
54 38 0
54 36 0
54 32 0
54 31 0
54 30 0
54 27 0
54 26 0
54 22 0
54 12 0
54 11 0
54 7 0
54 5 0
54 0 0
55 126 0
55 121 0
55 112 0
55 110 0
55 106 0
55 105 0
55 95 0
55 94 0
55 92 0
55 88 0
55 83 0
55 75 0
55 74 0
55 70 0
55 69 0
55 66 0
55 63 0
55 59 0
55 56 0
55 54 0
55 40 0
55 22 0
55 12 0
55 9 0
55 5 0
55 1 0
56 127 0
56 126 0
56 121 0
56 119 0
56 118 0
56 116 0
56 113 0
56 109 0
56 108 0
56 107 0
56 106 0
56 104 0
56 102 0
56 101 0
56 99 0
56 97 0
56 95 0
56 94 0
56 91 0
56 90 0
56 89 0
56 88 0
56 87 0
56 79 0
56 78 0
56 75 0
56 73 0
56 71 0
56 70 0
56 69 0
56 67 0
56 66 0
56 63 0
56 61 0
56 59 0
56 55 0
56 54 0
56 46 0
56 43 0
56 42 0
56 38 0
56 36 0
56 32 0
56 31 0
56 30 0
56 26 0
56 22 0
56 12 0
56 11 0
56 7 0
56 5 0
56 0 0
57 127 0
57 126 0
57 125 0
57 122 0
57 117 0
57 115 0
57 114 0
57 113 0
57 112 0
57 110 0
57 106 0
57 99 0
57 98 0
57 95 0
57 93 0
57 92 0
57 91 0
57 90 0
57 87 0
57 85 0
57 83 0
57 82 0
57 81 0
57 75 0
57 74 0
57 72 0
57 70 0
57 68 0
57 67 0
57 65 0
57 61 0
57 60 0
57 52 0
57 51 0
57 45 0
57 44 0
57 42 0
57 40 0
57 37 0
57 35 0
57 29 0
57 27 0
57 26 0
57 24 0
57 23 0
57 21 0
57 19 0
57 18 0
57 13 0
57 12 0
57 9 0
57 7 0
57 6 0
57 1 0
58 123 0
58 103 0
58 86 0
58 84 0
58 80 0
58 76 0
58 62 0
58 49 0
58 48 0
58 41 0
58 39 0
58 28 0
58 25 0
58 20 0
58 17 0
58 16 0
58 14 0
58 10 0
58 8 0
58 4 0
58 3 0
58 2 0
59 127 0
59 126 0
59 125 0
59 122 0
59 121 0
59 112 0
59 110 0
59 106 0
59 105 0
59 102 0
59 95 0
59 94 0
59 92 0
59 91 0
59 88 0
59 87 0
59 83 0
59 75 0
59 74 0
59 70 0
59 69 0
59 67 0
59 66 0
59 63 0
59 56 0
59 55 0
59 54 0
59 44 0
59 40 0
59 37 0
59 29 0
59 26 0
59 23 0
59 22 0
59 12 0
59 9 0
59 5 0
59 1 0
60 126 0
60 125 0
60 122 0
60 117 0
60 115 0
60 114 0
60 112 0
60 110 0
60 106 0
60 98 0
60 95 0
60 93 0
60 92 0
60 91 0
60 90 0
60 87 0
60 85 0
60 83 0
60 82 0
60 81 0
60 75 0
60 74 0
60 70 0
60 68 0
60 67 0
60 65 0
60 61 0
60 57 0
60 52 0
60 51 0
60 45 0
60 44 0
60 40 0
60 37 0
60 35 0
60 29 0
60 27 0
60 24 0
60 23 0
60 21 0
60 19 0
60 12 0
60 9 0
60 7 0
60 6 0
60 1 0
61 127 0
61 126 0
61 125 0
61 124 0
61 122 0
61 121 0
61 117 0
61 116 0
61 115 0
61 114 0
61 113 0
61 112 0
61 110 0
61 109 0
61 108 0
61 107 0
61 106 0
61 104 0
61 102 0
61 101 0
61 100 0
61 99 0
61 98 0
61 97 0
61 96 0
61 95 0
61 93 0
61 92 0
61 91 0
61 90 0
61 89 0
61 88 0
61 87 0
61 85 0
61 83 0
61 82 0
61 81 0
61 79 0
61 78 0
61 77 0
61 75 0
61 74 0
61 73 0
61 72 0
61 70 0
61 69 0
61 68 0
61 67 0
61 66 0
61 65 0
61 64 0
61 63 0
61 60 0
61 57 0
61 56 0
61 54 0
61 52 0
61 51 0
61 50 0
61 45 0
61 44 0
61 42 0
61 40 0
61 38 0
61 37 0
61 35 0
61 32 0
61 29 0
61 27 0
61 26 0
61 24 0
61 23 0
61 22 0
61 21 0
61 19 0
61 18 0
61 13 0
61 12 0
61 9 0
61 7 0
61 6 0
61 5 0
61 1 0
61 0 0
62 123 0
62 120 0
62 103 0
62 86 0
62 84 0
62 80 0
62 58 0
62 49 0
62 48 0
62 47 0
62 41 0
62 34 0
62 33 0
62 25 0
62 20 0
62 17 0
62 16 0
62 10 0
62 8 0
62 4 0
62 3 0
62 2 0
63 127 0
63 126 0
63 125 0
63 124 0
63 122 0
63 121 0
63 119 0
63 118 0
63 116 0
63 114 0
63 113 0
63 112 0
63 110 0
63 109 0
63 108 0
63 107 0
63 106 0
63 105 0
63 104 0
63 102 0
63 101 0
63 100 0
63 99 0
63 98 0
63 97 0
63 95 0
63 94 0
63 92 0
63 91 0
63 90 0
63 89 0
63 88 0
63 87 0
63 83 0
63 79 0
63 78 0
63 77 0
63 75 0
63 74 0
63 73 0
63 72 0
63 71 0
63 70 0
63 69 0
63 68 0
63 67 0
63 66 0
63 65 0
63 61 0
63 59 0
63 56 0
63 55 0
63 54 0
63 51 0
63 44 0
63 43 0
63 42 0
63 38 0
63 30 0
63 29 0
63 27 0
63 26 0
63 23 0
63 22 0
63 19 0
63 18 0
63 12 0
63 9 0
63 7 0
63 6 0
63 5 0
63 1 0
63 0 0
64 127 0
64 124 0
64 120 0
64 116 0
64 113 0
64 109 0
64 108 0
64 107 0
64 104 0
64 101 0
64 100 0
64 99 0
64 98 0
64 96 0
64 90 0
64 89 0
64 87 0
64 86 0
64 79 0
64 78 0
64 77 0
64 75 0
64 73 0
64 72 0
64 67 0
64 61 0
64 50 0
64 42 0
64 38 0
64 34 0
64 33 0
64 32 0
64 31 0
64 27 0
64 26 0
64 18 0
64 15 0
64 13 0
64 7 0
64 6 0
64 0 0
65 127 0
65 126 0
65 125 0
65 124 0
65 122 0
65 121 0
65 117 0
65 116 0
65 115 0
65 114 0
65 113 0
65 112 0
65 110 0
65 109 0
65 108 0
65 107 0
65 106 0
65 104 0
65 101 0
65 100 0
65 99 0
65 98 0
65 96 0
65 95 0
65 93 0
65 92 0
65 91 0
65 90 0
65 89 0
65 88 0
65 87 0
65 85 0
65 83 0
65 82 0
65 81 0
65 78 0
65 77 0
65 75 0
65 74 0
65 73 0
65 72 0
65 70 0
65 69 0
65 68 0
65 67 0
65 66 0
65 63 0
65 61 0
65 60 0
65 57 0
65 52 0
65 51 0
65 45 0
65 44 0
65 42 0
65 40 0
65 38 0
65 37 0
65 35 0
65 29 0
65 27 0
65 26 0
65 24 0
65 23 0
65 22 0
65 21 0
65 19 0
65 18 0
65 13 0
65 12 0
65 9 0
65 7 0
65 6 0
65 5 0
65 1 0
66 127 0
66 126 0
66 125 0
66 122 0
66 121 0
66 119 0
66 118 0
66 116 0
66 114 0
66 113 0
66 110 0
66 109 0
66 108 0
66 107 0
66 106 0
66 105 0
66 102 0
66 101 0
66 99 0
66 98 0
66 97 0
66 95 0
66 94 0
66 91 0
66 90 0
66 89 0
66 88 0
66 87 0
66 83 0
66 79 0
66 78 0
66 75 0
66 74 0
66 73 0
66 72 0
66 71 0
66 70 0
66 69 0
66 67 0
66 65 0
66 63 0
66 61 0
66 59 0
66 56 0
66 55 0
66 54 0
66 51 0
66 46 0
66 43 0
66 42 0
66 30 0
66 27 0
66 26 0
66 22 0
66 18 0
66 12 0
66 11 0
66 7 0
66 5 0
66 1 0
66 0 0
67 127 0
67 126 0
67 125 0
67 124 0
67 122 0
67 121 0
67 117 0
67 116 0
67 115 0
67 114 0
67 113 0
67 112 0
67 110 0
67 109 0
67 108 0
67 107 0
67 106 0
67 104 0
67 102 0
67 101 0
67 100 0
67 99 0
67 98 0
67 97 0
67 96 0
67 95 0
67 93 0
67 92 0
67 91 0
67 90 0
67 89 0
67 88 0
67 87 0
67 85 0
67 83 0
67 82 0
67 81 0
67 79 0
67 78 0
67 77 0
67 75 0
67 74 0
67 73 0
67 72 0
67 70 0
67 69 0
67 68 0
67 66 0
67 65 0
67 64 0
67 63 0
67 61 0
67 60 0
67 59 0
67 57 0
67 56 0
67 54 0
67 52 0
67 51 0
67 45 0
67 44 0
67 42 0
67 40 0
67 38 0
67 37 0
67 35 0
67 29 0
67 27 0
67 26 0
67 24 0
67 23 0
67 22 0
67 21 0
67 19 0
67 18 0
67 13 0
67 12 0
67 9 0
67 7 0
67 6 0
67 5 0
67 1 0
67 0 0
68 127 0
68 126 0
68 125 0
68 124 0
68 122 0
68 121 0
68 117 0
68 115 0
68 114 0
68 113 0
68 112 0
68 110 0
68 109 0
68 107 0
68 106 0
68 100 0
68 99 0
68 98 0
68 95 0
68 93 0
68 92 0
68 91 0
68 90 0
68 87 0
68 85 0
68 83 0
68 82 0
68 81 0
68 78 0
68 77 0
68 75 0
68 74 0
68 73 0
68 72 0
68 70 0
68 69 0
68 67 0
68 65 0
68 63 0
68 61 0
68 60 0
68 57 0
68 52 0
68 51 0
68 45 0
68 44 0
68 42 0
68 40 0
68 38 0
68 37 0
68 35 0
68 29 0
68 27 0
68 26 0
68 24 0
68 23 0
68 21 0
68 19 0
68 18 0
68 13 0
68 12 0
68 9 0
68 7 0
68 6 0
68 5 0
68 1 0
69 127 0
69 126 0
69 125 0
69 122 0
69 121 0
69 119 0
69 118 0
69 114 0
69 113 0
69 112 0
69 110 0
69 109 0
69 108 0
69 107 0
69 106 0
69 105 0
69 102 0
69 101 0
69 99 0
69 98 0
69 97 0
69 95 0
69 94 0
69 92 0
69 91 0
69 90 0
69 89 0
69 88 0
69 87 0
69 83 0
69 79 0
69 78 0
69 75 0
69 74 0
69 71 0
69 70 0
69 68 0
69 67 0
69 66 0
69 65 0
69 63 0
69 61 0
69 59 0
69 56 0
69 55 0
69 54 0
69 51 0
69 44 0
69 43 0
69 42 0
69 40 0
69 30 0
69 29 0
69 27 0
69 26 0
69 23 0
69 22 0
69 12 0
69 9 0
69 7 0
69 5 0
69 1 0
69 0 0
70 127 0
70 126 0
70 125 0
70 122 0
70 121 0
70 115 0
70 114 0
70 112 0
70 110 0
70 109 0
70 107 0
70 106 0
70 105 0
70 102 0
70 98 0
70 97 0
70 95 0
70 94 0
70 93 0
70 92 0
70 91 0
70 90 0
70 88 0
70 87 0
70 85 0
70 83 0
70 75 0
70 74 0
70 69 0
70 68 0
70 67 0
70 66 0
70 65 0
70 63 0
70 61 0
70 60 0
70 59 0
70 57 0
70 56 0
70 55 0
70 54 0
70 52 0
70 51 0
70 44 0
70 43 0
70 42 0
70 40 0
70 37 0
70 29 0
70 27 0
70 26 0
70 24 0
70 23 0
70 22 0
70 19 0
70 12 0
70 9 0
70 7 0
70 5 0
70 1 0
71 121 0
71 119 0
71 118 0
71 111 0
71 109 0
71 108 0
71 107 0
71 102 0
71 101 0
71 97 0
71 89 0
71 79 0
71 78 0
71 69 0
71 66 0
71 63 0
71 56 0
71 54 0
71 46 0
71 43 0
71 36 0
71 32 0
71 31 0
71 30 0
71 26 0
71 22 0
71 11 0
71 0 0
72 127 0
72 126 0
72 125 0
72 124 0
72 122 0
72 121 0
72 120 0
72 116 0
72 115 0
72 114 0
72 113 0
72 112 0
72 109 0
72 108 0
72 107 0
72 106 0
72 104 0
72 101 0
72 100 0
72 99 0
72 98 0
72 96 0
72 93 0
72 91 0
72 90 0
72 89 0
72 87 0
72 82 0
72 79 0
72 78 0
72 77 0
72 75 0
72 74 0
72 73 0
72 68 0
72 67 0
72 66 0
72 65 0
72 64 0
72 63 0
72 61 0
72 57 0
72 54 0
72 52 0
72 51 0
72 50 0
72 45 0
72 44 0
72 42 0
72 38 0
72 33 0
72 32 0
72 29 0
72 27 0
72 26 0
72 24 0
72 23 0
72 19 0
72 18 0
72 15 0
72 13 0
72 9 0
72 7 0
72 6 0
72 1 0
72 0 0
73 127 0
73 125 0
73 124 0
73 122 0
73 120 0
73 119 0
73 116 0
73 114 0
73 113 0
73 109 0
73 108 0
73 107 0
73 104 0
73 102 0
73 101 0
73 100 0
73 99 0
73 98 0
73 97 0
73 96 0
73 91 0
73 90 0
73 89 0
73 87 0
73 86 0
73 79 0
73 78 0
73 77 0
73 75 0
73 72 0
73 68 0
73 67 0
73 66 0
73 65 0
73 64 0
73 63 0
73 61 0
73 56 0
73 54 0
73 51 0
73 50 0
73 46 0
73 44 0
73 43 0
73 42 0
73 38 0
73 36 0
73 34 0
73 33 0
73 32 0
73 31 0
73 30 0
73 27 0
73 26 0
73 18 0
73 15 0
73 13 0
73 11 0
73 7 0
73 6 0
73 4 0
73 0 0
74 127 0
74 126 0
74 125 0
74 122 0
74 121 0
74 117 0
74 115 0
74 114 0
74 113 0
74 112 0
74 110 0
74 109 0
74 107 0
74 106 0
74 105 0
74 100 0
74 99 0
74 98 0
74 95 0
74 94 0
74 93 0
74 92 0
74 91 0
74 90 0
74 88 0
74 87 0
74 85 0
74 83 0
74 82 0
74 81 0
74 78 0
74 75 0
74 72 0
74 70 0
74 69 0
74 68 0
74 67 0
74 66 0
74 65 0
74 63 0
74 61 0
74 60 0
74 59 0
74 57 0
74 55 0
74 54 0
74 52 0
74 51 0
74 45 0
74 44 0
74 42 0
74 40 0
74 37 0
74 35 0
74 29 0
74 27 0
74 26 0
74 24 0
74 23 0
74 22 0
74 21 0
74 19 0
74 18 0
74 13 0
74 12 0
74 9 0
74 7 0
74 6 0
74 5 0
74 1 0
75 127 0
75 126 0
75 125 0
75 124 0
75 122 0
75 121 0
75 117 0
75 116 0
75 115 0
75 114 0
75 113 0
75 112 0
75 110 0
75 109 0
75 108 0
75 107 0
75 106 0
75 104 0
75 102 0
75 101 0
75 100 0
75 99 0
75 98 0
75 97 0
75 96 0
75 95 0
75 94 0
75 93 0
75 92 0
75 91 0
75 90 0
75 89 0
75 88 0
75 87 0
75 85 0
75 83 0
75 82 0
75 81 0
75 79 0
75 78 0
75 77 0
75 74 0
75 73 0
75 72 0
75 70 0
75 69 0
75 68 0
75 67 0
75 66 0
75 65 0
75 64 0
75 63 0
75 61 0
75 60 0
75 59 0
75 57 0
75 56 0
75 55 0
75 54 0
75 52 0
75 51 0
75 45 0
75 44 0
75 43 0
75 42 0
75 40 0
75 38 0
75 37 0
75 32 0
75 30 0
75 29 0
75 27 0
75 26 0
75 24 0
75 23 0
75 22 0
75 19 0
75 18 0
75 13 0
75 12 0
75 9 0
75 7 0
75 6 0
75 5 0
75 1 0
75 0 0
76 123 0
76 111 0
76 103 0
76 86 0
76 58 0
76 53 0
76 48 0
76 47 0
76 46 0
76 39 0
76 36 0
76 28 0
76 25 0
76 20 0
76 17 0
76 14 0
76 8 0
76 4 0
76 3 0
76 2 0
77 127 0
77 125 0
77 124 0
77 122 0
77 120 0
77 116 0
77 114 0
77 113 0
77 109 0
77 108 0
77 107 0
77 106 0
77 104 0
77 101 0
77 100 0
77 99 0
77 98 0
77 97 0
77 96 0
77 91 0
77 90 0
77 89 0
77 87 0
77 82 0
77 79 0
77 78 0
77 75 0
77 73 0
77 72 0
77 68 0
77 67 0
77 65 0
77 64 0
77 63 0
77 61 0
77 54 0
77 51 0
77 50 0
77 44 0
77 42 0
77 38 0
77 34 0
77 33 0
77 32 0
77 30 0
77 27 0
77 26 0
77 18 0
77 15 0
77 13 0
77 11 0
77 7 0
77 6 0
77 0 0
78 127 0
78 125 0
78 124 0
78 122 0
78 121 0
78 120 0
78 119 0
78 118 0
78 116 0
78 114 0
78 113 0
78 109 0
78 108 0
78 107 0
78 106 0
78 104 0
78 102 0
78 101 0
78 100 0
78 99 0
78 98 0
78 97 0
78 96 0
78 91 0
78 90 0
78 89 0
78 87 0
78 86 0
78 82 0
78 79 0
78 77 0
78 75 0
78 74 0
78 73 0
78 72 0
78 71 0
78 69 0
78 68 0
78 67 0
78 66 0
78 65 0
78 64 0
78 63 0
78 61 0
78 56 0
78 54 0
78 51 0
78 50 0
78 46 0
78 44 0
78 43 0
78 42 0
78 38 0
78 36 0
78 34 0
78 32 0
78 31 0
78 30 0
78 27 0
78 26 0
78 18 0
78 15 0
78 13 0
78 11 0
78 7 0
78 6 0
78 0 0
79 127 0
79 124 0
79 121 0
79 119 0
79 118 0
79 116 0
79 113 0
79 109 0
79 108 0
79 107 0
79 104 0
79 102 0
79 101 0
79 100 0
79 99 0
79 98 0
79 97 0
79 96 0
79 91 0
79 90 0
79 89 0
79 87 0
79 86 0
79 78 0
79 77 0
79 75 0
79 73 0
79 72 0
79 71 0
79 69 0
79 67 0
79 66 0
79 64 0
79 63 0
79 61 0
79 56 0
79 54 0
79 51 0
79 50 0
79 46 0
79 43 0
79 42 0
79 38 0
79 36 0
79 34 0
79 32 0
79 31 0
79 30 0
79 27 0
79 26 0
79 18 0
79 15 0
79 11 0
79 7 0
79 0 0
80 123 0
80 103 0
80 86 0
80 84 0
80 62 0
80 58 0
80 49 0
80 48 0
80 47 0
80 41 0
80 39 0
80 34 0
80 33 0
80 25 0
80 20 0
80 17 0
80 16 0
80 10 0
80 8 0
80 4 0
80 3 0
80 2 0
81 127 0
81 126 0
81 125 0
81 122 0
81 117 0
81 115 0
81 114 0
81 112 0
81 110 0
81 106 0
81 98 0
81 95 0
81 93 0
81 92 0
81 91 0
81 90 0
81 87 0
81 85 0
81 83 0
81 82 0
81 75 0
81 74 0
81 68 0
81 67 0
81 65 0
81 61 0
81 60 0
81 57 0
81 52 0
81 51 0
81 45 0
81 44 0
81 42 0
81 40 0
81 37 0
81 35 0
81 29 0
81 27 0
81 24 0
81 23 0
81 21 0
81 19 0
81 13 0
81 12 0
81 9 0
81 7 0
81 6 0
81 1 0
82 127 0
82 126 0
82 125 0
82 124 0
82 122 0
82 117 0
82 115 0
82 114 0
82 113 0
82 112 0
82 110 0
82 109 0
82 107 0
82 106 0
82 100 0
82 99 0
82 98 0
82 95 0
82 93 0
82 92 0
82 91 0
82 90 0
82 87 0
82 85 0
82 83 0
82 81 0
82 78 0
82 77 0
82 75 0
82 74 0
82 72 0
82 68 0
82 67 0
82 65 0
82 61 0
82 60 0
82 57 0
82 52 0
82 51 0
82 45 0
82 44 0
82 42 0
82 40 0
82 38 0
82 37 0
82 35 0
82 29 0
82 27 0
82 26 0
82 24 0
82 23 0
82 21 0
82 19 0
82 18 0
82 13 0
82 9 0
82 7 0
82 6 0
82 1 0
83 127 0
83 126 0
83 125 0
83 122 0
83 121 0
83 117 0
83 115 0
83 114 0
83 112 0
83 110 0
83 106 0
83 105 0
83 98 0
83 95 0
83 94 0
83 93 0
83 92 0
83 91 0
83 90 0
83 88 0
83 87 0
83 85 0
83 82 0
83 81 0
83 75 0
83 74 0
83 70 0
83 69 0
83 68 0
83 67 0
83 66 0
83 65 0
83 63 0
83 61 0
83 60 0
83 59 0
83 57 0
83 55 0
83 52 0
83 51 0
83 45 0
83 44 0
83 40 0
83 37 0
83 35 0
83 29 0
83 27 0
83 26 0
83 24 0
83 23 0
83 22 0
83 21 0
83 19 0
83 12 0
83 9 0
83 7 0
83 5 0
83 1 0
84 123 0
84 103 0
84 80 0
84 62 0
84 58 0
84 49 0
84 48 0
84 41 0
84 39 0
84 25 0
84 20 0
84 17 0
84 16 0
84 10 0
84 8 0
84 4 0
84 3 0
84 2 0
85 126 0
85 125 0
85 122 0
85 117 0
85 115 0
85 114 0
85 112 0
85 110 0
85 106 0
85 98 0
85 95 0
85 93 0
85 92 0
85 91 0
85 90 0
85 87 0
85 83 0
85 82 0
85 81 0
85 75 0
85 74 0
85 70 0
85 68 0
85 67 0
85 65 0
85 61 0
85 60 0
85 57 0
85 52 0
85 51 0
85 45 0
85 44 0
85 42 0
85 40 0
85 37 0
85 35 0
85 29 0
85 27 0
85 24 0
85 23 0
85 21 0
85 19 0
85 13 0
85 12 0
85 9 0
85 7 0
85 6 0
85 1 0
86 123 0
86 120 0
86 116 0
86 111 0
86 104 0
86 103 0
86 101 0
86 96 0
86 89 0
86 80 0
86 79 0
86 78 0
86 76 0
86 73 0
86 64 0
86 62 0
86 58 0
86 53 0
86 49 0
86 47 0
86 46 0
86 41 0
86 36 0
86 34 0
86 33 0
86 32 0
86 31 0
86 28 0
86 25 0
86 20 0
86 17 0
86 15 0
86 11 0
86 8 0
86 4 0
86 3 0
86 2 0
87 127 0
87 126 0
87 125 0
87 124 0
87 122 0
87 121 0
87 117 0
87 116 0
87 115 0
87 114 0
87 113 0
87 112 0
87 110 0
87 109 0
87 108 0
87 107 0
87 106 0
87 104 0
87 102 0
87 101 0
87 100 0
87 99 0
87 98 0
87 97 0
87 96 0
87 95 0
87 93 0
87 92 0
87 91 0
87 90 0
87 89 0
87 88 0
87 85 0
87 83 0
87 82 0
87 81 0
87 79 0
87 78 0
87 77 0
87 75 0
87 74 0
87 73 0
87 72 0
87 70 0
87 69 0
87 68 0
87 67 0
87 66 0
87 65 0
87 64 0
87 63 0
87 61 0
87 60 0
87 59 0
87 57 0
87 56 0
87 54 0
87 52 0
87 51 0
87 45 0
87 44 0
87 43 0
87 42 0
87 40 0
87 38 0
87 37 0
87 35 0
87 32 0
87 30 0
87 29 0
87 27 0
87 26 0
87 24 0
87 23 0
87 22 0
87 19 0
87 18 0
87 13 0
87 12 0
87 9 0
87 7 0
87 6 0
87 5 0
87 1 0
87 0 0
88 127 0
88 126 0
88 125 0
88 122 0
88 121 0
88 118 0
88 115 0
88 114 0
88 112 0
88 110 0
88 109 0
88 107 0
88 106 0
88 105 0
88 102 0
88 97 0
88 95 0
88 94 0
88 92 0
88 91 0
88 90 0
88 87 0
88 83 0
88 75 0
88 74 0
88 70 0
88 69 0
88 67 0
88 66 0
88 65 0
88 63 0
88 61 0
88 59 0
88 56 0
88 55 0
88 54 0
88 51 0
88 44 0
88 43 0
88 40 0
88 37 0
88 29 0
88 27 0
88 26 0
88 23 0
88 22 0
88 19 0
88 12 0
88 9 0
88 7 0
88 5 0
88 1 0
89 127 0
89 125 0
89 124 0
89 122 0
89 121 0
89 120 0
89 119 0
89 118 0
89 116 0
89 114 0
89 113 0
89 109 0
89 108 0
89 107 0
89 106 0
89 104 0
89 102 0
89 101 0
89 100 0
89 99 0
89 98 0
89 97 0
89 96 0
89 91 0
89 90 0
89 87 0
89 86 0
89 79 0
89 78 0
89 77 0
89 75 0
89 73 0
89 72 0
89 71 0
89 69 0
89 67 0
89 66 0
89 65 0
89 64 0
89 63 0
89 61 0
89 56 0
89 54 0
89 51 0
89 50 0
89 46 0
89 44 0
89 43 0
89 42 0
89 38 0
89 36 0
89 34 0
89 32 0
89 31 0
89 30 0
89 27 0
89 26 0
89 18 0
89 15 0
89 13 0
89 11 0
89 7 0
89 6 0
89 0 0
90 127 0
90 126 0
90 125 0
90 124 0
90 122 0
90 121 0
90 117 0
90 116 0
90 115 0
90 114 0
90 113 0
90 112 0
90 110 0
90 109 0
90 108 0
90 107 0
90 106 0
90 104 0
90 101 0
90 100 0
90 99 0
90 98 0
90 97 0
90 96 0
90 95 0
90 93 0
90 92 0
90 91 0
90 89 0
90 88 0
90 87 0
90 85 0
90 83 0
90 82 0
90 81 0
90 79 0
90 78 0
90 77 0
90 75 0
90 74 0
90 73 0
90 72 0
90 70 0
90 69 0
90 68 0
90 67 0
90 66 0
90 65 0
90 64 0
90 63 0
90 61 0
90 60 0
90 57 0
90 56 0
90 54 0
90 52 0
90 51 0
90 50 0
90 45 0
90 44 0
90 42 0
90 40 0
90 38 0
90 37 0
90 35 0
90 32 0
90 29 0
90 27 0
90 26 0
90 24 0
90 23 0
90 22 0
90 21 0
90 19 0
90 18 0
90 13 0
90 12 0
90 9 0
90 7 0
90 6 0
90 5 0
90 1 0
90 0 0
91 127 0
91 126 0
91 125 0
91 124 0
91 122 0
91 121 0
91 117 0
91 116 0
91 115 0
91 114 0
91 113 0
91 112 0
91 110 0
91 109 0
91 108 0
91 107 0
91 106 0
91 104 0
91 101 0
91 100 0
91 99 0
91 98 0
91 97 0
91 96 0
91 95 0
91 93 0
91 92 0
91 90 0
91 89 0
91 88 0
91 87 0
91 85 0
91 83 0
91 82 0
91 81 0
91 79 0
91 78 0
91 77 0
91 75 0
91 74 0
91 73 0
91 72 0
91 70 0
91 69 0
91 68 0
91 67 0
91 66 0
91 65 0
91 63 0
91 61 0
91 60 0
91 59 0
91 57 0
91 56 0
91 54 0
91 52 0
91 51 0
91 45 0
91 44 0
91 42 0
91 40 0
91 38 0
91 37 0
91 35 0
91 29 0
91 27 0
91 26 0
91 24 0
91 23 0
91 22 0
91 21 0
91 19 0
91 18 0
91 13 0
91 12 0
91 9 0
91 7 0
91 6 0
91 5 0
91 1 0
91 0 0
92 127 0
92 126 0
92 125 0
92 122 0
92 121 0
92 117 0
92 115 0
92 114 0
92 112 0
92 110 0
92 106 0
92 105 0
92 99 0
92 98 0
92 95 0
92 94 0
92 93 0
92 91 0
92 90 0
92 88 0
92 87 0
92 85 0
92 83 0
92 82 0
92 81 0
92 75 0
92 74 0
92 70 0
92 69 0
92 68 0
92 67 0
92 65 0
92 63 0
92 61 0
92 60 0
92 59 0
92 57 0
92 55 0
92 52 0
92 51 0
92 45 0
92 44 0
92 42 0
92 40 0
92 37 0
92 35 0
92 29 0
92 27 0
92 26 0
92 24 0
92 23 0
92 22 0
92 21 0
92 19 0
92 13 0
92 12 0
92 9 0
92 7 0
92 6 0
92 5 0
92 1 0
93 127 0
93 126 0
93 125 0
93 122 0
93 117 0
93 115 0
93 114 0
93 113 0
93 112 0
93 110 0
93 109 0
93 106 0
93 100 0
93 99 0
93 98 0
93 95 0
93 92 0
93 91 0
93 90 0
93 87 0
93 85 0
93 83 0
93 82 0
93 81 0
93 75 0
93 74 0
93 72 0
93 70 0
93 68 0
93 67 0
93 65 0
93 61 0
93 60 0
93 57 0
93 52 0
93 51 0
93 45 0
93 44 0
93 42 0
93 40 0
93 38 0
93 37 0
93 35 0
93 29 0
93 27 0
93 26 0
93 24 0
93 23 0
93 21 0
93 19 0
93 18 0
93 13 0
93 12 0
93 9 0
93 7 0
93 6 0
93 1 0
94 126 0
94 121 0
94 110 0
94 106 0
94 105 0
94 95 0
94 92 0
94 88 0
94 83 0
94 75 0
94 74 0
94 70 0
94 69 0
94 66 0
94 63 0
94 59 0
94 56 0
94 55 0
94 22 0
94 12 0
94 5 0
94 1 0
95 127 0
95 126 0
95 125 0
95 122 0
95 121 0
95 117 0
95 115 0
95 114 0
95 112 0
95 110 0
95 109 0
95 107 0
95 106 0
95 105 0
95 98 0
95 94 0
95 93 0
95 92 0
95 91 0
95 90 0
95 88 0
95 87 0
95 85 0
95 83 0
95 82 0
95 81 0
95 75 0
95 74 0
95 70 0
95 69 0
95 68 0
95 67 0
95 66 0
95 65 0
95 63 0
95 61 0
95 60 0
95 59 0
95 57 0
95 56 0
95 55 0
95 54 0
95 52 0
95 51 0
95 45 0
95 44 0
95 42 0
95 40 0
95 37 0
95 35 0
95 29 0
95 27 0
95 26 0
95 24 0
95 23 0
95 22 0
95 19 0
95 12 0
95 9 0
95 7 0
95 5 0
95 1 0
96 127 0
96 124 0
96 120 0
96 116 0
96 113 0
96 109 0
96 108 0
96 107 0
96 104 0
96 101 0
96 100 0
96 99 0
96 98 0
96 97 0
96 91 0
96 90 0
96 89 0
96 87 0
96 86 0
96 79 0
96 78 0
96 77 0
96 75 0
96 73 0
96 72 0
96 67 0
96 65 0
96 64 0
96 61 0
96 54 0
96 51 0
96 50 0
96 42 0
96 38 0
96 34 0
96 33 0
96 32 0
96 31 0
96 30 0
96 27 0
96 26 0
96 18 0
96 15 0
96 13 0
96 11 0
96 7 0
96 6 0
96 0 0
97 127 0
97 124 0
97 121 0
97 119 0
97 118 0
97 116 0
97 113 0
97 111 0
97 109 0
97 108 0
97 107 0
97 104 0
97 102 0
97 101 0
97 99 0
97 96 0
97 91 0
97 90 0
97 89 0
97 88 0
97 87 0
97 79 0
97 78 0
97 77 0
97 75 0
97 73 0
97 71 0
97 70 0
97 69 0
97 67 0
97 66 0
97 63 0
97 61 0
97 56 0
97 54 0
97 46 0
97 43 0
97 42 0
97 38 0
97 36 0
97 32 0
97 31 0
97 30 0
97 26 0
97 22 0
97 15 0
97 11 0
97 7 0
97 5 0
97 0 0
98 127 0
98 126 0
98 125 0
98 124 0
98 122 0
98 121 0
98 117 0
98 116 0
98 115 0
98 114 0
98 113 0
98 112 0
98 110 0
98 109 0
98 108 0
98 107 0
98 106 0
98 104 0
98 101 0
98 100 0
98 99 0
98 96 0
98 95 0
98 93 0
98 92 0
98 91 0
98 90 0
98 89 0
98 87 0
98 85 0
98 83 0
98 82 0
98 81 0
98 79 0
98 78 0
98 77 0
98 75 0
98 74 0
98 73 0
98 72 0
98 70 0
98 69 0
98 68 0
98 67 0
98 66 0
98 65 0
98 64 0
98 63 0
98 61 0
98 60 0
98 57 0
98 52 0
98 51 0
98 45 0
98 44 0
98 42 0
98 40 0
98 38 0
98 37 0
98 35 0
98 29 0
98 27 0
98 26 0
98 24 0
98 23 0
98 21 0
98 19 0
98 18 0
98 13 0
98 9 0
98 7 0
98 6 0
98 1 0
99 127 0
99 126 0
99 125 0
99 124 0
99 122 0
99 121 0
99 120 0
99 116 0
99 115 0
99 114 0
99 113 0
99 112 0
99 109 0
99 108 0
99 107 0
99 106 0
99 104 0
99 101 0
99 100 0
99 98 0
99 97 0
99 96 0
99 93 0
99 92 0
99 91 0
99 90 0
99 89 0
99 87 0
99 82 0
99 79 0
99 78 0
99 77 0
99 75 0
99 74 0
99 73 0
99 72 0
99 69 0
99 68 0
99 67 0
99 66 0
99 65 0
99 64 0
99 63 0
99 61 0
99 57 0
99 56 0
99 54 0
99 52 0
99 51 0
99 50 0
99 45 0
99 44 0
99 42 0
99 38 0
99 37 0
99 32 0
99 29 0
99 27 0
99 26 0
99 24 0
99 23 0
99 19 0
99 18 0
99 15 0
99 13 0
99 9 0
99 7 0
99 6 0
99 1 0
99 0 0
100 127 0
100 125 0
100 124 0
100 122 0
100 120 0
100 116 0
100 114 0
100 113 0
100 112 0
100 109 0
100 108 0
100 107 0
100 106 0
100 104 0
100 101 0
100 99 0
100 98 0
100 96 0
100 93 0
100 91 0
100 90 0
100 89 0
100 87 0
100 82 0
100 79 0
100 78 0
100 77 0
100 75 0
100 74 0
100 73 0
100 72 0
100 68 0
100 67 0
100 65 0
100 64 0
100 63 0
100 61 0
100 51 0
100 50 0
100 44 0
100 42 0
100 38 0
100 33 0
100 32 0
100 27 0
100 26 0
100 19 0
100 18 0
100 15 0
100 13 0
100 7 0
100 6 0
100 1 0
101 127 0
101 125 0
101 124 0
101 122 0
101 121 0
101 120 0
101 119 0
101 118 0
101 116 0
101 113 0
101 109 0
101 108 0
101 107 0
101 106 0
101 104 0
101 102 0
101 100 0
101 99 0
101 98 0
101 97 0
101 96 0
101 91 0
101 90 0
101 89 0
101 87 0
101 86 0
101 79 0
101 78 0
101 77 0
101 75 0
101 73 0
101 72 0
101 71 0
101 69 0
101 67 0
101 66 0
101 65 0
101 64 0
101 63 0
101 61 0
101 56 0
101 54 0
101 51 0
101 50 0
101 46 0
101 43 0
101 42 0
101 38 0
101 36 0
101 34 0
101 32 0
101 31 0
101 30 0
101 27 0
101 26 0
101 18 0
101 15 0
101 11 0
101 7 0
101 6 0
101 4 0
101 0 0
102 127 0
102 121 0
102 119 0
102 118 0
102 116 0
102 113 0
102 109 0
102 108 0
102 107 0
102 104 0
102 101 0
102 97 0
102 89 0
102 88 0
102 87 0
102 79 0
102 78 0
102 75 0
102 73 0
102 71 0
102 70 0
102 69 0
102 67 0
102 66 0
102 63 0
102 61 0
102 59 0
102 56 0
102 54 0
102 46 0
102 43 0
102 42 0
102 38 0
102 36 0
102 32 0
102 31 0
102 30 0
102 26 0
102 22 0
102 12 0
102 11 0
102 7 0
102 5 0
102 0 0
103 123 0
103 86 0
103 84 0
103 80 0
103 76 0
103 62 0
103 58 0
103 53 0
103 49 0
103 48 0
103 47 0
103 41 0
103 39 0
103 28 0
103 25 0
103 20 0
103 17 0
103 16 0
103 14 0
103 10 0
103 8 0
103 4 0
103 3 0
103 2 0
104 127 0
104 125 0
104 124 0
104 122 0
104 120 0
104 116 0
104 114 0
104 113 0
104 109 0
104 108 0
104 107 0
104 102 0
104 101 0
104 100 0
104 99 0
104 98 0
104 97 0
104 96 0
104 91 0
104 90 0
104 89 0
104 87 0
104 86 0
104 79 0
104 78 0
104 77 0
104 75 0
104 73 0
104 72 0
104 67 0
104 65 0
104 64 0
104 63 0
104 61 0
104 56 0
104 54 0
104 51 0
104 50 0
104 43 0
104 42 0
104 38 0
104 36 0
104 34 0
104 33 0
104 32 0
104 31 0
104 30 0
104 27 0
104 26 0
104 18 0
104 15 0
104 13 0
104 11 0
104 7 0
104 6 0
104 0 0
105 126 0
105 121 0
105 110 0
105 106 0
105 95 0
105 94 0
105 92 0
105 88 0
105 83 0
105 74 0
105 70 0
105 69 0
105 66 0
105 63 0
105 59 0
105 55 0
105 22 0
105 12 0
105 5 0
105 1 0
106 127 0
106 126 0
106 125 0
106 122 0
106 121 0
106 117 0
106 115 0
106 114 0
106 113 0
106 112 0
106 110 0
106 109 0
106 108 0
106 107 0
106 105 0
106 101 0
106 100 0
106 99 0
106 98 0
106 95 0
106 94 0
106 93 0
106 92 0
106 91 0
106 90 0
106 89 0
106 88 0
106 87 0
106 85 0
106 83 0
106 82 0
106 81 0
106 78 0
106 77 0
106 75 0
106 74 0
106 72 0
106 70 0
106 69 0
106 68 0
106 67 0
106 66 0
106 65 0
106 63 0
106 61 0
106 60 0
106 59 0
106 57 0
106 56 0
106 55 0
106 54 0
106 52 0
106 51 0
106 45 0
106 44 0
106 42 0
106 40 0
106 38 0
106 37 0
106 35 0
106 29 0
106 27 0
106 26 0
106 24 0
106 23 0
106 22 0
106 21 0
106 19 0
106 18 0
106 13 0
106 12 0
106 9 0
106 7 0
106 6 0
106 5 0
106 1 0
107 127 0
107 126 0
107 125 0
107 124 0
107 122 0
107 121 0
107 119 0
107 118 0
107 116 0
107 114 0
107 113 0
107 112 0
107 109 0
107 108 0
107 106 0
107 104 0
107 102 0
107 101 0
107 100 0
107 99 0
107 98 0
107 97 0
107 96 0
107 95 0
107 91 0
107 90 0
107 89 0
107 88 0
107 87 0
107 82 0
107 79 0
107 78 0
107 77 0
107 75 0
107 74 0
107 73 0
107 72 0
107 71 0
107 70 0
107 69 0
107 68 0
107 67 0
107 66 0
107 65 0
107 64 0
107 63 0
107 61 0
107 56 0
107 54 0
107 51 0
107 46 0
107 44 0
107 43 0
107 42 0
107 38 0
107 36 0
107 32 0
107 31 0
107 30 0
107 27 0
107 26 0
107 22 0
107 18 0
107 15 0
107 13 0
107 12 0
107 11 0
107 7 0
107 6 0
107 5 0
107 1 0
107 0 0
108 127 0
108 125 0
108 124 0
108 122 0
108 121 0
108 119 0
108 118 0
108 116 0
108 113 0
108 109 0
108 107 0
108 106 0
108 104 0
108 102 0
108 101 0
108 100 0
108 99 0
108 98 0
108 97 0
108 96 0
108 91 0
108 90 0
108 89 0
108 87 0
108 79 0
108 78 0
108 77 0
108 75 0
108 73 0
108 72 0
108 71 0
108 69 0
108 67 0
108 66 0
108 65 0
108 64 0
108 63 0
108 61 0
108 56 0
108 54 0
108 51 0
108 46 0
108 43 0
108 42 0
108 38 0
108 36 0
108 32 0
108 31 0
108 30 0
108 27 0
108 26 0
108 22 0
108 18 0
108 15 0
108 11 0
108 7 0
108 0 0
109 127 0
109 126 0
109 125 0
109 124 0
109 122 0
109 121 0
109 119 0
109 118 0
109 116 0
109 114 0
109 113 0
109 112 0
109 108 0
109 107 0
109 106 0
109 104 0
109 102 0
109 101 0
109 100 0
109 99 0
109 98 0
109 97 0
109 96 0
109 95 0
109 93 0
109 91 0
109 90 0
109 89 0
109 88 0
109 87 0
109 82 0
109 79 0
109 78 0
109 77 0
109 75 0
109 74 0
109 73 0
109 72 0
109 71 0
109 70 0
109 69 0
109 68 0
109 67 0
109 66 0
109 65 0
109 64 0
109 63 0
109 61 0
109 56 0
109 54 0
109 51 0
109 50 0
109 46 0
109 44 0
109 43 0
109 42 0
109 38 0
109 36 0
109 32 0
109 31 0
109 30 0
109 27 0
109 26 0
109 22 0
109 19 0
109 18 0
109 15 0
109 13 0
109 11 0
109 9 0
109 7 0
109 6 0
109 5 0
109 1 0
109 0 0
110 127 0
110 126 0
110 125 0
110 122 0
110 121 0
110 117 0
110 115 0
110 114 0
110 112 0
110 106 0
110 105 0
110 98 0
110 95 0
110 94 0
110 93 0
110 92 0
110 91 0
110 90 0
110 88 0
110 87 0
110 85 0
110 83 0
110 82 0
110 81 0
110 75 0
110 74 0
110 70 0
110 69 0
110 68 0
110 67 0
110 66 0
110 65 0
110 63 0
110 61 0
110 60 0
110 59 0
110 57 0
110 55 0
110 52 0
110 51 0
110 45 0
110 44 0
110 42 0
110 40 0
110 37 0
110 35 0
110 29 0
110 27 0
110 26 0
110 24 0
110 23 0
110 22 0
110 21 0
110 19 0
110 12 0
110 9 0
110 7 0
110 6 0
110 5 0
110 1 0
111 123 0
111 119 0
111 97 0
111 86 0
111 76 0
111 71 0
111 53 0
111 47 0
111 46 0
111 43 0
111 39 0
111 36 0
111 32 0
111 31 0
111 30 0
111 28 0
111 25 0
111 20 0
111 17 0
111 14 0
111 11 0
111 8 0
111 4 0
111 3 0
112 127 0
112 126 0
112 125 0
112 122 0
112 121 0
112 117 0
112 115 0
112 114 0
112 113 0
112 110 0
112 109 0
112 107 0
112 106 0
112 100 0
112 99 0
112 98 0
112 95 0
112 93 0
112 92 0
112 91 0
112 90 0
112 88 0
112 87 0
112 85 0
112 83 0
112 82 0
112 81 0
112 75 0
112 74 0
112 72 0
112 70 0
112 69 0
112 68 0
112 67 0
112 65 0
112 63 0
112 61 0
112 60 0
112 59 0
112 57 0
112 55 0
112 52 0
112 51 0
112 45 0
112 44 0
112 42 0
112 40 0
112 38 0
112 37 0
112 35 0
112 29 0
112 27 0
112 26 0
112 24 0
112 23 0
112 22 0
112 21 0
112 19 0
112 18 0
112 13 0
112 12 0
112 9 0
112 7 0
112 6 0
112 5 0
112 1 0
113 127 0
113 126 0
113 125 0
113 124 0
113 122 0
113 121 0
113 120 0
113 116 0
113 114 0
113 112 0
113 109 0
113 108 0
113 107 0
113 106 0
113 104 0
113 102 0
113 101 0
113 100 0
113 99 0
113 98 0
113 97 0
113 96 0
113 93 0
113 91 0
113 90 0
113 89 0
113 87 0
113 82 0
113 79 0
113 78 0
113 77 0
113 75 0
113 74 0
113 73 0
113 72 0
113 69 0
113 68 0
113 67 0
113 66 0
113 65 0
113 64 0
113 63 0
113 61 0
113 57 0
113 56 0
113 54 0
113 52 0
113 51 0
113 50 0
113 44 0
113 43 0
113 42 0
113 38 0
113 34 0
113 33 0
113 32 0
113 31 0
113 30 0
113 29 0
113 27 0
113 26 0
113 19 0
113 18 0
113 15 0
113 13 0
113 11 0
113 9 0
113 7 0
113 6 0
113 1 0
113 0 0
114 127 0
114 126 0
114 125 0
114 124 0
114 122 0
114 121 0
114 117 0
114 116 0
114 115 0
114 113 0
114 112 0
114 110 0
114 109 0
114 107 0
114 106 0
114 104 0
114 100 0
114 99 0
114 98 0
114 95 0
114 93 0
114 92 0
114 91 0
114 90 0
114 89 0
114 88 0
114 87 0
114 85 0
114 83 0
114 82 0
114 81 0
114 78 0
114 77 0
114 75 0
114 74 0
114 73 0
114 72 0
114 70 0
114 69 0
114 68 0
114 67 0
114 66 0
114 65 0
114 63 0
114 61 0
114 60 0
114 57 0
114 52 0
114 51 0
114 45 0
114 44 0
114 42 0
114 40 0
114 38 0
114 37 0
114 35 0
114 29 0
114 27 0
114 26 0
114 24 0
114 23 0
114 21 0
114 19 0
114 18 0
114 13 0
114 12 0
114 9 0
114 7 0
114 6 0
114 5 0
114 1 0
115 127 0
115 126 0
115 125 0
115 122 0
115 117 0
115 114 0
115 112 0
115 110 0
115 106 0
115 99 0
115 98 0
115 95 0
115 93 0
115 92 0
115 91 0
115 90 0
115 88 0
115 87 0
115 85 0
115 83 0
115 82 0
115 81 0
115 75 0
115 74 0
115 72 0
115 70 0
115 68 0
115 67 0
115 65 0
115 61 0
115 60 0
115 57 0
115 52 0
115 51 0
115 45 0
115 44 0
115 42 0
115 40 0
115 37 0
115 35 0
115 29 0
115 27 0
115 26 0
115 24 0
115 23 0
115 21 0
115 19 0
115 13 0
115 12 0
115 9 0
115 7 0
115 6 0
115 5 0
115 1 0
116 127 0
116 125 0
116 124 0
116 122 0
116 120 0
116 119 0
116 114 0
116 113 0
116 109 0
116 108 0
116 107 0
116 104 0
116 102 0
116 101 0
116 100 0
116 99 0
116 98 0
116 97 0
116 96 0
116 91 0
116 90 0
116 89 0
116 87 0
116 86 0
116 79 0
116 78 0
116 77 0
116 75 0
116 73 0
116 72 0
116 67 0
116 66 0
116 65 0
116 64 0
116 63 0
116 61 0
116 56 0
116 54 0
116 51 0
116 50 0
116 46 0
116 43 0
116 42 0
116 38 0
116 36 0
116 34 0
116 33 0
116 32 0
116 31 0
116 30 0
116 27 0
116 26 0
116 18 0
116 15 0
116 13 0
116 11 0
116 7 0
116 6 0
116 4 0
116 0 0
117 126 0
117 125 0
117 122 0
117 115 0
117 114 0
117 112 0
117 110 0
117 106 0
117 98 0
117 95 0
117 93 0
117 92 0
117 91 0
117 90 0
117 87 0
117 85 0
117 83 0
117 82 0
117 81 0
117 75 0
117 74 0
117 68 0
117 67 0
117 65 0
117 61 0
117 60 0
117 57 0
117 52 0
117 51 0
117 45 0
117 44 0
117 42 0
117 40 0
117 37 0
117 35 0
117 29 0
117 27 0
117 24 0
117 23 0
117 21 0
117 19 0
117 13 0
117 9 0
117 7 0
117 6 0
117 1 0
118 121 0
118 119 0
118 109 0
118 108 0
118 107 0
118 102 0
118 101 0
118 97 0
118 89 0
118 88 0
118 79 0
118 78 0
118 71 0
118 69 0
118 66 0
118 63 0
118 56 0
118 54 0
118 46 0
118 43 0
118 36 0
118 30 0
118 26 0
118 22 0
118 11 0
118 0 0
119 121 0
119 118 0
119 116 0
119 111 0
119 109 0
119 108 0
119 107 0
119 102 0
119 101 0
119 97 0
119 89 0
119 79 0
119 78 0
119 73 0
119 71 0
119 69 0
119 66 0
119 63 0
119 56 0
119 54 0
119 46 0
119 43 0
119 36 0
119 32 0
119 31 0
119 30 0
119 26 0
119 15 0
119 11 0
119 0 0
120 124 0
120 116 0
120 113 0
120 104 0
120 101 0
120 100 0
120 99 0
120 96 0
120 89 0
120 86 0
120 78 0
120 77 0
120 73 0
120 72 0
120 64 0
120 62 0
120 50 0
120 38 0
120 34 0
120 33 0
120 32 0
120 31 0
120 18 0
120 15 0
120 11 0
120 4 0
120 2 0
121 127 0
121 126 0
121 125 0
121 122 0
121 119 0
121 118 0
121 114 0
121 113 0
121 112 0
121 110 0
121 109 0
121 108 0
121 107 0
121 106 0
121 105 0
121 102 0
121 101 0
121 99 0
121 98 0
121 97 0
121 95 0
121 94 0
121 92 0
121 91 0
121 90 0
121 89 0
121 88 0
121 87 0
121 83 0
121 79 0
121 78 0
121 75 0
121 74 0
121 72 0
121 71 0
121 70 0
121 69 0
121 68 0
121 67 0
121 66 0
121 65 0
121 63 0
121 61 0
121 59 0
121 56 0
121 55 0
121 54 0
121 51 0
121 44 0
121 43 0
121 42 0
121 40 0
121 38 0
121 37 0
121 30 0
121 29 0
121 27 0
121 26 0
121 23 0
121 22 0
121 19 0
121 18 0
121 12 0
121 9 0
121 7 0
121 6 0
121 5 0
121 1 0
121 0 0
122 127 0
122 126 0
122 125 0
122 124 0
122 121 0
122 117 0
122 116 0
122 115 0
122 114 0
122 113 0
122 112 0
122 110 0
122 109 0
122 108 0
122 107 0
122 106 0
122 104 0
122 101 0
122 100 0
122 99 0
122 98 0
122 95 0
122 93 0
122 92 0
122 91 0
122 90 0
122 89 0
122 88 0
122 87 0
122 85 0
122 83 0
122 82 0
122 81 0
122 78 0
122 77 0
122 75 0
122 74 0
122 73 0
122 72 0
122 70 0
122 69 0
122 68 0
122 67 0
122 66 0
122 65 0
122 63 0
122 61 0
122 60 0
122 59 0
122 57 0
122 52 0
122 51 0
122 45 0
122 44 0
122 42 0
122 40 0
122 38 0
122 37 0
122 35 0
122 29 0
122 27 0
122 26 0
122 24 0
122 23 0
122 22 0
122 21 0
122 19 0
122 18 0
122 13 0
122 12 0
122 9 0
122 7 0
122 6 0
122 5 0
122 1 0
123 111 0
123 103 0
123 86 0
123 84 0
123 80 0
123 76 0
123 62 0
123 58 0
123 53 0
123 49 0
123 48 0
123 47 0
123 41 0
123 39 0
123 28 0
123 25 0
123 20 0
123 17 0
123 14 0
123 10 0
123 8 0
123 4 0
123 3 0
123 2 0
124 127 0
124 125 0
124 122 0
124 120 0
124 116 0
124 114 0
124 113 0
124 109 0
124 108 0
124 107 0
124 104 0
124 101 0
124 100 0
124 99 0
124 98 0
124 97 0
124 96 0
124 91 0
124 90 0
124 89 0
124 87 0
124 82 0
124 79 0
124 78 0
124 77 0
124 75 0
124 73 0
124 72 0
124 68 0
124 67 0
124 65 0
124 64 0
124 63 0
124 61 0
124 51 0
124 50 0
124 44 0
124 42 0
124 38 0
124 34 0
124 33 0
124 32 0
124 30 0
124 27 0
124 26 0
124 18 0
124 15 0
124 13 0
124 11 0
124 7 0
124 6 0
124 0 0
125 127 0
125 126 0
125 124 0
125 122 0
125 121 0
125 117 0
125 116 0
125 115 0
125 114 0
125 113 0
125 112 0
125 110 0
125 109 0
125 108 0
125 107 0
125 106 0
125 104 0
125 101 0
125 100 0
125 99 0
125 98 0
125 95 0
125 93 0
125 92 0
125 91 0
125 90 0
125 89 0
125 88 0
125 87 0
125 85 0
125 83 0
125 82 0
125 81 0
125 78 0
125 77 0
125 75 0
125 74 0
125 73 0
125 72 0
125 70 0
125 69 0
125 68 0
125 67 0
125 66 0
125 65 0
125 63 0
125 61 0
125 60 0
125 59 0
125 57 0
125 52 0
125 51 0
125 45 0
125 44 0
125 42 0
125 40 0
125 38 0
125 37 0
125 35 0
125 29 0
125 27 0
125 26 0
125 24 0
125 23 0
125 22 0
125 21 0
125 19 0
125 18 0
125 13 0
125 12 0
125 9 0
125 7 0
125 6 0
125 5 0
125 1 0
126 127 0
126 125 0
126 122 0
126 121 0
126 117 0
126 115 0
126 114 0
126 113 0
126 112 0
126 110 0
126 109 0
126 107 0
126 106 0
126 105 0
126 99 0
126 98 0
126 95 0
126 94 0
126 93 0
126 92 0
126 91 0
126 90 0
126 88 0
126 87 0
126 85 0
126 83 0
126 82 0
126 81 0
126 75 0
126 74 0
126 72 0
126 70 0
126 69 0
126 68 0
126 67 0
126 66 0
126 65 0
126 63 0
126 61 0
126 60 0
126 59 0
126 57 0
126 56 0
126 55 0
126 54 0
126 52 0
126 51 0
126 45 0
126 44 0
126 42 0
126 40 0
126 37 0
126 35 0
126 29 0
126 27 0
126 26 0
126 24 0
126 23 0
126 22 0
126 21 0
126 19 0
126 13 0
126 12 0
126 9 0
126 7 0
126 6 0
126 5 0
126 1 0
127 126 0
127 125 0
127 124 0
127 122 0
127 121 0
127 116 0
127 115 0
127 114 0
127 113 0
127 112 0
127 110 0
127 109 0
127 108 0
127 107 0
127 106 0
127 104 0
127 102 0
127 101 0
127 100 0
127 99 0
127 98 0
127 97 0
127 96 0
127 95 0
127 93 0
127 92 0
127 91 0
127 90 0
127 89 0
127 88 0
127 87 0
127 83 0
127 82 0
127 81 0
127 79 0
127 78 0
127 77 0
127 75 0
127 74 0
127 73 0
127 72 0
127 70 0
127 69 0
127 68 0
127 67 0
127 66 0
127 65 0
127 64 0
127 63 0
127 61 0
127 59 0
127 57 0
127 56 0
127 54 0
127 52 0
127 51 0
127 50 0
127 45 0
127 44 0
127 43 0
127 42 0
127 40 0
127 38 0
127 37 0
127 32 0
127 31 0
127 30 0
127 29 0
127 27 0
127 26 0
127 24 0
127 23 0
127 22 0
127 19 0
127 18 0
127 15 0
127 13 0
127 12 0
127 11 0
127 9 0
127 7 0
127 6 0
127 5 0
127 1 0
127 0 0
