197 7850 
0 1 0
0 2 0
0 3 0
0 4 0
0 5 0
0 6 0
0 7 0
0 8 0
0 9 0
0 10 0
0 11 0
0 12 0
0 13 0
0 14 0
0 15 0
0 33 0
0 46 0
0 47 0
0 48 0
0 49 0
0 50 0
0 51 0
0 52 0
0 53 0
0 54 0
0 64 0
0 66 0
0 67 0
0 70 0
0 73 0
0 74 0
0 79 0
0 120 0
0 124 0
0 125 0
0 126 0
0 127 0
0 128 0
0 129 0
0 130 0
0 134 0
0 135 0
0 136 0
0 137 0
0 138 0
0 144 0
0 146 0
0 148 0
0 149 0
0 150 0
0 152 0
0 153 0
0 159 0
0 160 0
0 161 0
0 162 0
0 163 0
0 164 0
0 165 0
0 172 0
0 173 0
0 175 0
0 176 0
0 177 0
0 190 0
0 191 0
0 76 0
0 72 0
0 63 0
0 62 0
0 61 0
0 59 0
0 58 0
0 56 0
0 55 0
0 45 0
0 44 0
0 43 0
0 42 0
0 41 0
0 40 0
0 39 0
0 38 0
0 196 0
0 37 0
0 188 0
0 186 0
0 183 0
0 194 0
0 32 0
0 119 0
0 117 0
0 116 0
0 113 0
0 111 0
0 110 0
0 108 0
0 107 0
0 106 0
0 103 0
0 101 0
0 98 0
0 95 0
0 92 0
0 90 0
0 89 0
0 87 0
0 86 0
0 84 0
0 82 0
0 35 0
0 180 0
0 36 0
0 168 0
0 34 0
0 156 0
0 151 0
0 147 0
0 145 0
0 143 0
0 141 0
1 2 0
1 3 0
1 4 0
1 5 0
1 6 0
1 7 0
1 8 0
1 9 0
1 10 0
1 11 0
1 12 0
1 13 0
1 14 0
1 15 0
1 33 0
1 46 0
1 47 0
1 48 0
1 49 0
1 50 0
1 51 0
1 52 0
1 53 0
1 54 0
1 64 0
1 66 0
1 67 0
1 70 0
1 73 0
1 74 0
1 79 0
1 120 0
1 124 0
1 125 0
1 126 0
1 127 0
1 128 0
1 129 0
1 130 0
1 134 0
1 135 0
1 136 0
1 137 0
1 138 0
1 144 0
1 146 0
1 148 0
1 149 0
1 150 0
1 152 0
1 153 0
1 159 0
1 160 0
1 161 0
1 162 0
1 163 0
1 164 0
1 165 0
1 172 0
1 173 0
1 175 0
1 176 0
1 177 0
1 190 0
1 191 0
1 76 0
1 72 0
1 63 0
1 62 0
1 61 0
1 59 0
1 58 0
1 56 0
1 55 0
1 45 0
1 44 0
1 43 0
1 42 0
1 41 0
1 40 0
1 39 0
1 38 0
1 196 0
1 37 0
1 188 0
1 186 0
1 183 0
1 194 0
1 32 0
1 119 0
1 117 0
1 116 0
1 113 0
1 111 0
1 110 0
1 108 0
1 107 0
1 106 0
1 103 0
1 101 0
1 98 0
1 95 0
1 92 0
1 90 0
1 89 0
1 87 0
1 86 0
1 84 0
1 82 0
1 35 0
1 180 0
1 36 0
1 168 0
1 34 0
1 156 0
1 151 0
1 147 0
1 145 0
1 143 0
1 141 0
2 3 0
2 4 0
2 5 0
2 6 0
2 7 0
2 8 0
2 9 0
2 10 0
2 11 0
2 12 0
2 13 0
2 14 0
2 15 0
2 33 0
2 46 0
2 47 0
2 48 0
2 49 0
2 50 0
2 51 0
2 52 0
2 53 0
2 54 0
2 64 0
2 66 0
2 67 0
2 70 0
2 73 0
2 74 0
2 79 0
2 120 0
2 124 0
2 125 0
2 126 0
2 127 0
2 128 0
2 129 0
2 130 0
2 134 0
2 135 0
2 136 0
2 137 0
2 138 0
2 144 0
2 146 0
2 148 0
2 149 0
2 150 0
2 152 0
2 153 0
2 159 0
2 160 0
2 161 0
2 162 0
2 163 0
2 164 0
2 165 0
2 172 0
2 173 0
2 175 0
2 176 0
2 177 0
2 190 0
2 191 0
2 63 0
2 62 0
2 61 0
2 59 0
2 58 0
2 56 0
2 55 0
2 45 0
2 44 0
2 43 0
2 42 0
2 41 0
2 40 0
2 39 0
2 38 0
3 4 0
3 5 0
3 6 0
3 7 0
3 8 0
3 9 0
3 10 0
3 11 0
3 12 0
3 13 0
3 14 0
3 15 0
3 33 0
3 46 0
3 47 0
3 48 0
3 49 0
3 50 0
3 51 0
3 52 0
3 53 0
3 54 0
3 64 0
3 66 0
3 67 0
3 70 0
3 73 0
3 74 0
3 79 0
3 120 0
3 124 0
3 125 0
3 126 0
3 127 0
3 128 0
3 129 0
3 130 0
3 134 0
3 135 0
3 136 0
3 137 0
3 138 0
3 144 0
3 146 0
3 148 0
3 149 0
3 150 0
3 152 0
3 153 0
3 159 0
3 160 0
3 161 0
3 162 0
3 163 0
3 164 0
3 165 0
3 172 0
3 173 0
3 175 0
3 176 0
3 177 0
3 190 0
3 191 0
4 5 0
4 6 0
4 7 0
4 8 0
4 9 0
4 10 0
4 11 0
4 12 0
4 13 0
4 14 0
4 15 0
4 33 0
4 46 0
4 47 0
4 48 0
4 49 0
4 50 0
4 51 0
4 52 0
4 53 0
4 54 0
4 64 0
4 66 0
4 67 0
4 70 0
4 73 0
4 74 0
4 79 0
4 120 0
4 124 0
4 125 0
4 126 0
4 127 0
4 128 0
4 129 0
4 130 0
4 134 0
4 135 0
4 136 0
4 137 0
4 138 0
4 144 0
4 146 0
4 148 0
4 149 0
4 150 0
4 152 0
4 153 0
4 159 0
4 160 0
4 161 0
4 162 0
4 163 0
4 164 0
4 165 0
4 172 0
4 173 0
4 175 0
4 176 0
4 177 0
4 190 0
4 191 0
4 38 0
5 6 0
5 7 0
5 8 0
5 9 0
5 10 0
5 11 0
5 12 0
5 13 0
5 14 0
5 15 0
5 33 0
5 46 0
5 47 0
5 48 0
5 49 0
5 50 0
5 51 0
5 52 0
5 53 0
5 54 0
5 64 0
5 66 0
5 67 0
5 70 0
5 73 0
5 74 0
5 79 0
5 120 0
5 124 0
5 125 0
5 126 0
5 127 0
5 128 0
5 129 0
5 130 0
5 134 0
5 135 0
5 136 0
5 137 0
5 138 0
5 144 0
5 146 0
5 148 0
5 149 0
5 150 0
5 152 0
5 153 0
5 159 0
5 160 0
5 161 0
5 162 0
5 163 0
5 164 0
5 165 0
5 172 0
5 173 0
5 175 0
5 176 0
5 177 0
5 190 0
5 191 0
5 39 0
5 38 0
6 7 0
6 8 0
6 9 0
6 10 0
6 11 0
6 12 0
6 13 0
6 14 0
6 15 0
6 33 0
6 46 0
6 47 0
6 48 0
6 49 0
6 50 0
6 51 0
6 52 0
6 53 0
6 54 0
6 64 0
6 66 0
6 67 0
6 70 0
6 73 0
6 74 0
6 79 0
6 120 0
6 124 0
6 125 0
6 126 0
6 127 0
6 128 0
6 129 0
6 130 0
6 134 0
6 135 0
6 136 0
6 137 0
6 138 0
6 144 0
6 146 0
6 148 0
6 149 0
6 150 0
6 152 0
6 153 0
6 159 0
6 160 0
6 161 0
6 162 0
6 163 0
6 164 0
6 165 0
6 172 0
6 173 0
6 175 0
6 176 0
6 177 0
6 190 0
6 191 0
6 40 0
6 39 0
6 38 0
7 8 0
7 9 0
7 10 0
7 11 0
7 12 0
7 13 0
7 14 0
7 15 0
7 33 0
7 46 0
7 47 0
7 48 0
7 49 0
7 50 0
7 51 0
7 52 0
7 53 0
7 54 0
7 64 0
7 66 0
7 67 0
7 70 0
7 73 0
7 74 0
7 79 0
7 120 0
7 124 0
7 125 0
7 126 0
7 127 0
7 128 0
7 129 0
7 130 0
7 134 0
7 135 0
7 136 0
7 137 0
7 138 0
7 144 0
7 146 0
7 148 0
7 149 0
7 150 0
7 152 0
7 153 0
7 159 0
7 160 0
7 161 0
7 162 0
7 163 0
7 164 0
7 165 0
7 172 0
7 173 0
7 175 0
7 176 0
7 177 0
7 190 0
7 191 0
7 41 0
7 40 0
7 39 0
7 38 0
8 9 0
8 10 0
8 11 0
8 12 0
8 13 0
8 14 0
8 15 0
8 33 0
8 46 0
8 47 0
8 48 0
8 49 0
8 50 0
8 51 0
8 52 0
8 53 0
8 54 0
8 64 0
8 66 0
8 67 0
8 70 0
8 73 0
8 74 0
8 79 0
8 120 0
8 124 0
8 125 0
8 126 0
8 127 0
8 128 0
8 129 0
8 130 0
8 134 0
8 135 0
8 136 0
8 137 0
8 138 0
8 144 0
8 146 0
8 148 0
8 149 0
8 150 0
8 152 0
8 153 0
8 159 0
8 160 0
8 161 0
8 162 0
8 163 0
8 164 0
8 165 0
8 172 0
8 173 0
8 175 0
8 176 0
8 177 0
8 190 0
8 191 0
8 42 0
8 41 0
8 40 0
8 39 0
8 38 0
9 10 0
9 11 0
9 12 0
9 13 0
9 14 0
9 15 0
9 33 0
9 46 0
9 47 0
9 48 0
9 49 0
9 50 0
9 51 0
9 52 0
9 53 0
9 54 0
9 64 0
9 66 0
9 67 0
9 70 0
9 73 0
9 74 0
9 79 0
9 120 0
9 124 0
9 125 0
9 126 0
9 127 0
9 128 0
9 129 0
9 130 0
9 134 0
9 135 0
9 136 0
9 137 0
9 138 0
9 144 0
9 146 0
9 148 0
9 149 0
9 150 0
9 152 0
9 153 0
9 159 0
9 160 0
9 161 0
9 162 0
9 163 0
9 164 0
9 165 0
9 172 0
9 173 0
9 175 0
9 176 0
9 177 0
9 190 0
9 191 0
9 43 0
9 42 0
9 41 0
9 40 0
9 39 0
9 38 0
10 11 0
10 12 0
10 13 0
10 14 0
10 15 0
10 33 0
10 46 0
10 47 0
10 48 0
10 49 0
10 50 0
10 51 0
10 52 0
10 53 0
10 54 0
10 64 0
10 66 0
10 67 0
10 70 0
10 73 0
10 74 0
10 79 0
10 120 0
10 124 0
10 125 0
10 126 0
10 127 0
10 128 0
10 129 0
10 130 0
10 134 0
10 135 0
10 136 0
10 137 0
10 138 0
10 144 0
10 146 0
10 148 0
10 149 0
10 150 0
10 152 0
10 153 0
10 159 0
10 160 0
10 161 0
10 162 0
10 163 0
10 164 0
10 165 0
10 172 0
10 173 0
10 175 0
10 176 0
10 177 0
10 190 0
10 191 0
10 45 0
10 44 0
10 43 0
10 42 0
10 41 0
10 40 0
10 39 0
10 38 0
11 12 0
11 13 0
11 14 0
11 15 0
11 33 0
11 46 0
11 47 0
11 48 0
11 49 0
11 50 0
11 51 0
11 52 0
11 53 0
11 54 0
11 64 0
11 66 0
11 67 0
11 70 0
11 73 0
11 74 0
11 79 0
11 120 0
11 124 0
11 125 0
11 126 0
11 127 0
11 128 0
11 129 0
11 130 0
11 134 0
11 135 0
11 136 0
11 137 0
11 138 0
11 144 0
11 146 0
11 148 0
11 149 0
11 150 0
11 152 0
11 153 0
11 159 0
11 160 0
11 161 0
11 162 0
11 163 0
11 164 0
11 165 0
11 172 0
11 173 0
11 175 0
11 176 0
11 177 0
11 190 0
11 191 0
11 56 0
11 55 0
11 45 0
11 44 0
11 43 0
11 42 0
11 41 0
11 40 0
11 39 0
11 38 0
12 13 0
12 14 0
12 15 0
12 33 0
12 46 0
12 47 0
12 48 0
12 49 0
12 50 0
12 51 0
12 52 0
12 53 0
12 54 0
12 64 0
12 66 0
12 67 0
12 70 0
12 73 0
12 74 0
12 79 0
12 120 0
12 124 0
12 125 0
12 126 0
12 127 0
12 128 0
12 129 0
12 130 0
12 134 0
12 135 0
12 136 0
12 137 0
12 138 0
12 144 0
12 146 0
12 148 0
12 149 0
12 150 0
12 152 0
12 153 0
12 159 0
12 160 0
12 161 0
12 162 0
12 163 0
12 164 0
12 165 0
12 172 0
12 173 0
12 175 0
12 176 0
12 177 0
12 190 0
12 191 0
12 59 0
12 58 0
12 56 0
12 55 0
12 45 0
12 44 0
12 43 0
12 42 0
12 41 0
12 40 0
12 39 0
12 38 0
13 14 0
13 15 0
13 33 0
13 46 0
13 47 0
13 48 0
13 49 0
13 50 0
13 51 0
13 52 0
13 53 0
13 54 0
13 64 0
13 66 0
13 67 0
13 70 0
13 73 0
13 74 0
13 79 0
13 120 0
13 124 0
13 125 0
13 126 0
13 127 0
13 128 0
13 129 0
13 130 0
13 134 0
13 135 0
13 136 0
13 137 0
13 138 0
13 144 0
13 146 0
13 148 0
13 149 0
13 150 0
13 152 0
13 153 0
13 159 0
13 160 0
13 161 0
13 162 0
13 163 0
13 164 0
13 165 0
13 172 0
13 173 0
13 175 0
13 176 0
13 177 0
13 190 0
13 191 0
13 61 0
13 59 0
13 58 0
13 56 0
13 55 0
13 45 0
13 44 0
13 43 0
13 42 0
13 41 0
13 40 0
13 39 0
13 38 0
14 15 0
14 33 0
14 46 0
14 47 0
14 48 0
14 49 0
14 50 0
14 51 0
14 52 0
14 53 0
14 54 0
14 64 0
14 66 0
14 67 0
14 70 0
14 73 0
14 74 0
14 79 0
14 120 0
14 124 0
14 125 0
14 126 0
14 127 0
14 128 0
14 129 0
14 130 0
14 134 0
14 135 0
14 136 0
14 137 0
14 138 0
14 144 0
14 146 0
14 148 0
14 149 0
14 150 0
14 152 0
14 153 0
14 159 0
14 160 0
14 161 0
14 162 0
14 163 0
14 164 0
14 165 0
14 172 0
14 173 0
14 175 0
14 176 0
14 177 0
14 190 0
14 191 0
15 33 0
15 46 0
15 47 0
15 48 0
15 49 0
15 50 0
15 51 0
15 52 0
15 53 0
15 54 0
15 64 0
15 66 0
15 67 0
15 70 0
15 73 0
15 74 0
15 79 0
15 120 0
15 124 0
15 125 0
15 126 0
15 127 0
15 128 0
15 129 0
15 130 0
15 134 0
15 135 0
15 136 0
15 137 0
15 138 0
15 144 0
15 146 0
15 148 0
15 149 0
15 150 0
15 152 0
15 153 0
15 159 0
15 160 0
15 161 0
15 162 0
15 163 0
15 164 0
15 165 0
15 172 0
15 173 0
15 175 0
15 176 0
15 177 0
15 190 0
15 191 0
15 44 0
15 43 0
15 42 0
15 41 0
15 40 0
15 39 0
15 38 0
16 17 0
16 18 0
16 19 0
16 20 0
16 21 0
16 22 0
16 23 0
16 24 0
16 25 0
16 26 0
16 27 0
16 28 0
16 29 0
16 30 0
16 31 0
16 32 0
16 34 0
16 35 0
16 36 0
16 37 0
16 38 0
16 39 0
16 40 0
16 41 0
16 42 0
16 43 0
16 44 0
16 45 0
16 55 0
16 56 0
16 58 0
16 59 0
16 61 0
16 62 0
16 63 0
16 72 0
16 76 0
16 82 0
16 84 0
16 86 0
16 87 0
16 89 0
16 90 0
16 92 0
16 95 0
16 98 0
16 101 0
16 103 0
16 106 0
16 107 0
16 108 0
16 110 0
16 111 0
16 113 0
16 116 0
16 117 0
16 119 0
16 141 0
16 143 0
16 145 0
16 147 0
16 151 0
16 156 0
16 168 0
16 180 0
16 183 0
16 186 0
16 188 0
16 194 0
16 196 0
16 74 0
16 73 0
16 70 0
16 67 0
16 66 0
16 64 0
16 54 0
16 53 0
16 52 0
16 51 0
16 50 0
16 49 0
16 48 0
16 47 0
16 46 0
16 191 0
16 190 0
16 79 0
16 33 0
16 130 0
16 129 0
16 128 0
16 127 0
16 126 0
16 125 0
16 124 0
16 120 0
16 177 0
16 176 0
16 175 0
16 173 0
16 172 0
16 135 0
16 134 0
16 165 0
16 164 0
16 163 0
16 162 0
16 161 0
16 160 0
16 159 0
16 138 0
16 137 0
16 136 0
16 153 0
16 152 0
16 150 0
16 149 0
16 148 0
16 146 0
16 144 0
17 18 0
17 19 0
17 20 0
17 21 0
17 22 0
17 23 0
17 24 0
17 25 0
17 26 0
17 27 0
17 28 0
17 29 0
17 30 0
17 31 0
17 32 0
17 34 0
17 35 0
17 36 0
17 37 0
17 38 0
17 39 0
17 40 0
17 41 0
17 42 0
17 43 0
17 44 0
17 45 0
17 55 0
17 56 0
17 58 0
17 59 0
17 61 0
17 62 0
17 63 0
17 72 0
17 76 0
17 82 0
17 84 0
17 86 0
17 87 0
17 89 0
17 90 0
17 92 0
17 95 0
17 98 0
17 101 0
17 103 0
17 106 0
17 107 0
17 108 0
17 110 0
17 111 0
17 113 0
17 116 0
17 117 0
17 119 0
17 141 0
17 143 0
17 145 0
17 147 0
17 151 0
17 156 0
17 168 0
17 180 0
17 183 0
17 186 0
17 188 0
17 194 0
17 196 0
18 19 0
18 20 0
18 21 0
18 22 0
18 23 0
18 24 0
18 25 0
18 26 0
18 27 0
18 28 0
18 29 0
18 30 0
18 31 0
18 32 0
18 34 0
18 35 0
18 36 0
18 37 0
18 38 0
18 39 0
18 40 0
18 41 0
18 42 0
18 43 0
18 44 0
18 45 0
18 55 0
18 56 0
18 58 0
18 59 0
18 61 0
18 62 0
18 63 0
18 72 0
18 76 0
18 82 0
18 84 0
18 86 0
18 87 0
18 89 0
18 90 0
18 92 0
18 95 0
18 98 0
18 101 0
18 103 0
18 106 0
18 107 0
18 108 0
18 110 0
18 111 0
18 113 0
18 116 0
18 117 0
18 119 0
18 141 0
18 143 0
18 145 0
18 147 0
18 151 0
18 156 0
18 168 0
18 180 0
18 183 0
18 186 0
18 188 0
18 194 0
18 196 0
18 46 0
19 20 0
19 21 0
19 22 0
19 23 0
19 24 0
19 25 0
19 26 0
19 27 0
19 28 0
19 29 0
19 30 0
19 31 0
19 32 0
19 34 0
19 35 0
19 36 0
19 37 0
19 38 0
19 39 0
19 40 0
19 41 0
19 42 0
19 43 0
19 44 0
19 45 0
19 55 0
19 56 0
19 58 0
19 59 0
19 61 0
19 62 0
19 63 0
19 72 0
19 76 0
19 82 0
19 84 0
19 86 0
19 87 0
19 89 0
19 90 0
19 92 0
19 95 0
19 98 0
19 101 0
19 103 0
19 106 0
19 107 0
19 108 0
19 110 0
19 111 0
19 113 0
19 116 0
19 117 0
19 119 0
19 141 0
19 143 0
19 145 0
19 147 0
19 151 0
19 156 0
19 168 0
19 180 0
19 183 0
19 186 0
19 188 0
19 194 0
19 196 0
19 47 0
19 46 0
20 21 0
20 22 0
20 23 0
20 24 0
20 25 0
20 26 0
20 27 0
20 28 0
20 29 0
20 30 0
20 31 0
20 32 0
20 34 0
20 35 0
20 36 0
20 37 0
20 38 0
20 39 0
20 40 0
20 41 0
20 42 0
20 43 0
20 44 0
20 45 0
20 55 0
20 56 0
20 58 0
20 59 0
20 61 0
20 62 0
20 63 0
20 72 0
20 76 0
20 82 0
20 84 0
20 86 0
20 87 0
20 89 0
20 90 0
20 92 0
20 95 0
20 98 0
20 101 0
20 103 0
20 106 0
20 107 0
20 108 0
20 110 0
20 111 0
20 113 0
20 116 0
20 117 0
20 119 0
20 141 0
20 143 0
20 145 0
20 147 0
20 151 0
20 156 0
20 168 0
20 180 0
20 183 0
20 186 0
20 188 0
20 194 0
20 196 0
20 48 0
20 47 0
20 46 0
21 22 0
21 23 0
21 24 0
21 25 0
21 26 0
21 27 0
21 28 0
21 29 0
21 30 0
21 31 0
21 32 0
21 34 0
21 35 0
21 36 0
21 37 0
21 38 0
21 39 0
21 40 0
21 41 0
21 42 0
21 43 0
21 44 0
21 45 0
21 55 0
21 56 0
21 58 0
21 59 0
21 61 0
21 62 0
21 63 0
21 72 0
21 76 0
21 82 0
21 84 0
21 86 0
21 87 0
21 89 0
21 90 0
21 92 0
21 95 0
21 98 0
21 101 0
21 103 0
21 106 0
21 107 0
21 108 0
21 110 0
21 111 0
21 113 0
21 116 0
21 117 0
21 119 0
21 141 0
21 143 0
21 145 0
21 147 0
21 151 0
21 156 0
21 168 0
21 180 0
21 183 0
21 186 0
21 188 0
21 194 0
21 196 0
21 49 0
21 48 0
21 47 0
21 46 0
22 23 0
22 24 0
22 25 0
22 26 0
22 27 0
22 28 0
22 29 0
22 30 0
22 31 0
22 32 0
22 34 0
22 35 0
22 36 0
22 37 0
22 38 0
22 39 0
22 40 0
22 41 0
22 42 0
22 43 0
22 44 0
22 45 0
22 55 0
22 56 0
22 58 0
22 59 0
22 61 0
22 62 0
22 63 0
22 72 0
22 76 0
22 82 0
22 84 0
22 86 0
22 87 0
22 89 0
22 90 0
22 92 0
22 95 0
22 98 0
22 101 0
22 103 0
22 106 0
22 107 0
22 108 0
22 110 0
22 111 0
22 113 0
22 116 0
22 117 0
22 119 0
22 141 0
22 143 0
22 145 0
22 147 0
22 151 0
22 156 0
22 168 0
22 180 0
22 183 0
22 186 0
22 188 0
22 194 0
22 196 0
22 50 0
22 49 0
22 48 0
22 47 0
22 46 0
23 24 0
23 25 0
23 26 0
23 27 0
23 28 0
23 29 0
23 30 0
23 31 0
23 32 0
23 34 0
23 35 0
23 36 0
23 37 0
23 38 0
23 39 0
23 40 0
23 41 0
23 42 0
23 43 0
23 44 0
23 45 0
23 55 0
23 56 0
23 58 0
23 59 0
23 61 0
23 62 0
23 63 0
23 72 0
23 76 0
23 82 0
23 84 0
23 86 0
23 87 0
23 89 0
23 90 0
23 92 0
23 95 0
23 98 0
23 101 0
23 103 0
23 106 0
23 107 0
23 108 0
23 110 0
23 111 0
23 113 0
23 116 0
23 117 0
23 119 0
23 141 0
23 143 0
23 145 0
23 147 0
23 151 0
23 156 0
23 168 0
23 180 0
23 183 0
23 186 0
23 188 0
23 194 0
23 196 0
23 51 0
23 50 0
23 49 0
23 48 0
23 47 0
23 46 0
24 25 0
24 26 0
24 27 0
24 28 0
24 29 0
24 30 0
24 31 0
24 32 0
24 34 0
24 35 0
24 36 0
24 37 0
24 38 0
24 39 0
24 40 0
24 41 0
24 42 0
24 43 0
24 44 0
24 45 0
24 55 0
24 56 0
24 58 0
24 59 0
24 61 0
24 62 0
24 63 0
24 72 0
24 76 0
24 82 0
24 84 0
24 86 0
24 87 0
24 89 0
24 90 0
24 92 0
24 95 0
24 98 0
24 101 0
24 103 0
24 106 0
24 107 0
24 108 0
24 110 0
24 111 0
24 113 0
24 116 0
24 117 0
24 119 0
24 141 0
24 143 0
24 145 0
24 147 0
24 151 0
24 156 0
24 168 0
24 180 0
24 183 0
24 186 0
24 188 0
24 194 0
24 196 0
24 52 0
24 51 0
24 50 0
24 49 0
24 48 0
24 47 0
24 46 0
25 26 0
25 27 0
25 28 0
25 29 0
25 30 0
25 31 0
25 32 0
25 34 0
25 35 0
25 36 0
25 37 0
25 38 0
25 39 0
25 40 0
25 41 0
25 42 0
25 43 0
25 44 0
25 45 0
25 55 0
25 56 0
25 58 0
25 59 0
25 61 0
25 62 0
25 63 0
25 72 0
25 76 0
25 82 0
25 84 0
25 86 0
25 87 0
25 89 0
25 90 0
25 92 0
25 95 0
25 98 0
25 101 0
25 103 0
25 106 0
25 107 0
25 108 0
25 110 0
25 111 0
25 113 0
25 116 0
25 117 0
25 119 0
25 141 0
25 143 0
25 145 0
25 147 0
25 151 0
25 156 0
25 168 0
25 180 0
25 183 0
25 186 0
25 188 0
25 194 0
25 196 0
25 53 0
25 52 0
25 51 0
25 50 0
25 49 0
25 48 0
25 47 0
25 46 0
26 27 0
26 28 0
26 29 0
26 30 0
26 31 0
26 32 0
26 34 0
26 35 0
26 36 0
26 37 0
26 38 0
26 39 0
26 40 0
26 41 0
26 42 0
26 43 0
26 44 0
26 45 0
26 55 0
26 56 0
26 58 0
26 59 0
26 61 0
26 62 0
26 63 0
26 72 0
26 76 0
26 82 0
26 84 0
26 86 0
26 87 0
26 89 0
26 90 0
26 92 0
26 95 0
26 98 0
26 101 0
26 103 0
26 106 0
26 107 0
26 108 0
26 110 0
26 111 0
26 113 0
26 116 0
26 117 0
26 119 0
26 141 0
26 143 0
26 145 0
26 147 0
26 151 0
26 156 0
26 168 0
26 180 0
26 183 0
26 186 0
26 188 0
26 194 0
26 196 0
27 28 0
27 29 0
27 30 0
27 31 0
27 32 0
27 34 0
27 35 0
27 36 0
27 37 0
27 38 0
27 39 0
27 40 0
27 41 0
27 42 0
27 43 0
27 44 0
27 45 0
27 55 0
27 56 0
27 58 0
27 59 0
27 61 0
27 62 0
27 63 0
27 72 0
27 76 0
27 82 0
27 84 0
27 86 0
27 87 0
27 89 0
27 90 0
27 92 0
27 95 0
27 98 0
27 101 0
27 103 0
27 106 0
27 107 0
27 108 0
27 110 0
27 111 0
27 113 0
27 116 0
27 117 0
27 119 0
27 141 0
27 143 0
27 145 0
27 147 0
27 151 0
27 156 0
27 168 0
27 180 0
27 183 0
27 186 0
27 188 0
27 194 0
27 196 0
28 29 0
28 30 0
28 31 0
28 32 0
28 34 0
28 35 0
28 36 0
28 37 0
28 38 0
28 39 0
28 40 0
28 41 0
28 42 0
28 43 0
28 44 0
28 45 0
28 55 0
28 56 0
28 58 0
28 59 0
28 61 0
28 62 0
28 63 0
28 72 0
28 76 0
28 82 0
28 84 0
28 86 0
28 87 0
28 89 0
28 90 0
28 92 0
28 95 0
28 98 0
28 101 0
28 103 0
28 106 0
28 107 0
28 108 0
28 110 0
28 111 0
28 113 0
28 116 0
28 117 0
28 119 0
28 141 0
28 143 0
28 145 0
28 147 0
28 151 0
28 156 0
28 168 0
28 180 0
28 183 0
28 186 0
28 188 0
28 194 0
28 196 0
29 30 0
29 31 0
29 32 0
29 34 0
29 35 0
29 36 0
29 37 0
29 38 0
29 39 0
29 40 0
29 41 0
29 42 0
29 43 0
29 44 0
29 45 0
29 55 0
29 56 0
29 58 0
29 59 0
29 61 0
29 62 0
29 63 0
29 72 0
29 76 0
29 82 0
29 84 0
29 86 0
29 87 0
29 89 0
29 90 0
29 92 0
29 95 0
29 98 0
29 101 0
29 103 0
29 106 0
29 107 0
29 108 0
29 110 0
29 111 0
29 113 0
29 116 0
29 117 0
29 119 0
29 141 0
29 143 0
29 145 0
29 147 0
29 151 0
29 156 0
29 168 0
29 180 0
29 183 0
29 186 0
29 188 0
29 194 0
29 196 0
30 31 0
30 32 0
30 34 0
30 35 0
30 36 0
30 37 0
30 38 0
30 39 0
30 40 0
30 41 0
30 42 0
30 43 0
30 44 0
30 45 0
30 55 0
30 56 0
30 58 0
30 59 0
30 61 0
30 62 0
30 63 0
30 72 0
30 76 0
30 82 0
30 84 0
30 86 0
30 87 0
30 89 0
30 90 0
30 92 0
30 95 0
30 98 0
30 101 0
30 103 0
30 106 0
30 107 0
30 108 0
30 110 0
30 111 0
30 113 0
30 116 0
30 117 0
30 119 0
30 141 0
30 143 0
30 145 0
30 147 0
30 151 0
30 156 0
30 168 0
30 180 0
30 183 0
30 186 0
30 188 0
30 194 0
30 196 0
31 32 0
31 34 0
31 35 0
31 36 0
31 37 0
31 38 0
31 39 0
31 40 0
31 41 0
31 42 0
31 43 0
31 44 0
31 45 0
31 55 0
31 56 0
31 58 0
31 59 0
31 61 0
31 62 0
31 63 0
31 72 0
31 76 0
31 82 0
31 84 0
31 86 0
31 87 0
31 89 0
31 90 0
31 92 0
31 95 0
31 98 0
31 101 0
31 103 0
31 106 0
31 107 0
31 108 0
31 110 0
31 111 0
31 113 0
31 116 0
31 117 0
31 119 0
31 141 0
31 143 0
31 145 0
31 147 0
31 151 0
31 156 0
31 168 0
31 180 0
31 183 0
31 186 0
31 188 0
31 194 0
31 196 0
32 110 0
32 106 0
32 103 0
32 98 0
32 90 0
32 87 0
32 62 0
32 116 0
32 117 0
32 119 0
32 113 0
32 82 0
32 86 0
32 61 0
32 84 0
32 63 0
32 58 0
32 55 0
32 111 0
32 59 0
32 56 0
32 45 0
32 44 0
32 43 0
32 42 0
32 41 0
32 40 0
32 39 0
32 38 0
32 35 0
32 180 0
32 36 0
32 168 0
32 34 0
32 156 0
32 151 0
32 147 0
32 145 0
32 143 0
32 141 0
33 79 0
33 73 0
33 66 0
33 130 0
33 74 0
33 70 0
33 64 0
33 54 0
33 53 0
33 52 0
33 51 0
33 50 0
33 49 0
33 48 0
33 47 0
33 46 0
33 134 0
34 106 0
34 103 0
34 98 0
34 90 0
34 87 0
34 62 0
34 116 0
34 117 0
34 119 0
34 113 0
34 82 0
34 110 0
34 86 0
34 61 0
34 84 0
34 111 0
34 58 0
34 55 0
34 59 0
34 56 0
34 45 0
34 44 0
34 43 0
34 42 0
34 41 0
34 40 0
34 39 0
34 38 0
34 156 0
34 63 0
34 151 0
34 147 0
34 145 0
34 143 0
35 110 0
35 106 0
35 103 0
35 98 0
35 90 0
35 87 0
35 62 0
35 116 0
35 117 0
35 119 0
35 113 0
35 82 0
35 86 0
35 61 0
35 84 0
35 111 0
35 58 0
35 55 0
35 59 0
35 56 0
35 45 0
35 44 0
35 43 0
35 42 0
35 41 0
35 40 0
35 39 0
35 38 0
35 180 0
35 63 0
36 110 0
36 106 0
36 103 0
36 98 0
36 90 0
36 87 0
36 62 0
36 116 0
36 117 0
36 119 0
36 113 0
36 82 0
36 86 0
36 61 0
36 84 0
36 111 0
36 58 0
36 55 0
36 59 0
36 56 0
36 45 0
36 44 0
36 43 0
36 42 0
36 41 0
36 40 0
36 39 0
36 38 0
36 168 0
36 63 0
37 188 0
37 186 0
37 58 0
37 55 0
37 59 0
37 56 0
37 45 0
37 44 0
37 43 0
37 42 0
37 41 0
37 40 0
37 39 0
37 38 0
37 194 0
38 76 0
38 72 0
38 63 0
38 62 0
38 61 0
38 59 0
38 58 0
38 56 0
38 55 0
38 45 0
38 44 0
38 43 0
38 42 0
38 41 0
38 40 0
38 39 0
38 196 0
38 188 0
38 186 0
38 183 0
38 194 0
38 119 0
38 117 0
38 116 0
38 113 0
38 111 0
38 110 0
38 108 0
38 107 0
38 106 0
38 103 0
38 101 0
38 98 0
38 95 0
38 92 0
38 90 0
38 89 0
38 87 0
38 86 0
38 84 0
38 82 0
38 180 0
38 168 0
38 156 0
38 151 0
38 147 0
38 145 0
38 143 0
38 141 0
39 76 0
39 72 0
39 63 0
39 62 0
39 61 0
39 59 0
39 58 0
39 56 0
39 55 0
39 45 0
39 44 0
39 43 0
39 42 0
39 41 0
39 40 0
39 196 0
39 188 0
39 186 0
39 183 0
39 194 0
39 119 0
39 117 0
39 116 0
39 113 0
39 111 0
39 110 0
39 108 0
39 107 0
39 106 0
39 103 0
39 101 0
39 98 0
39 95 0
39 92 0
39 90 0
39 89 0
39 87 0
39 86 0
39 84 0
39 82 0
39 180 0
39 168 0
39 156 0
39 151 0
39 147 0
39 145 0
39 143 0
39 141 0
40 76 0
40 72 0
40 63 0
40 62 0
40 61 0
40 59 0
40 58 0
40 56 0
40 55 0
40 45 0
40 44 0
40 43 0
40 42 0
40 41 0
40 196 0
40 188 0
40 186 0
40 183 0
40 194 0
40 119 0
40 117 0
40 116 0
40 113 0
40 111 0
40 110 0
40 108 0
40 107 0
40 106 0
40 103 0
40 101 0
40 98 0
40 95 0
40 92 0
40 90 0
40 89 0
40 87 0
40 86 0
40 84 0
40 82 0
40 180 0
40 168 0
40 156 0
40 151 0
40 147 0
40 145 0
40 143 0
40 141 0
41 76 0
41 72 0
41 63 0
41 62 0
41 61 0
41 59 0
41 58 0
41 56 0
41 55 0
41 45 0
41 44 0
41 43 0
41 42 0
41 196 0
41 188 0
41 186 0
41 183 0
41 194 0
41 119 0
41 117 0
41 116 0
41 113 0
41 111 0
41 110 0
41 108 0
41 107 0
41 106 0
41 103 0
41 101 0
41 98 0
41 95 0
41 92 0
41 90 0
41 89 0
41 87 0
41 86 0
41 84 0
41 82 0
41 180 0
41 168 0
41 156 0
41 151 0
41 147 0
41 145 0
41 143 0
41 141 0
42 76 0
42 72 0
42 63 0
42 62 0
42 61 0
42 59 0
42 58 0
42 56 0
42 55 0
42 45 0
42 44 0
42 43 0
42 196 0
42 188 0
42 186 0
42 183 0
42 194 0
42 119 0
42 117 0
42 116 0
42 113 0
42 111 0
42 110 0
42 108 0
42 107 0
42 106 0
42 103 0
42 101 0
42 98 0
42 95 0
42 92 0
42 90 0
42 89 0
42 87 0
42 86 0
42 84 0
42 82 0
42 180 0
42 168 0
42 156 0
42 151 0
42 147 0
42 145 0
42 143 0
42 141 0
43 76 0
43 72 0
43 63 0
43 62 0
43 61 0
43 59 0
43 58 0
43 56 0
43 55 0
43 45 0
43 44 0
43 196 0
43 188 0
43 186 0
43 183 0
43 194 0
43 119 0
43 117 0
43 116 0
43 113 0
43 111 0
43 110 0
43 108 0
43 107 0
43 106 0
43 103 0
43 101 0
43 98 0
43 95 0
43 92 0
43 90 0
43 89 0
43 87 0
43 86 0
43 84 0
43 82 0
43 180 0
43 168 0
43 156 0
43 151 0
43 147 0
43 145 0
43 143 0
43 141 0
44 76 0
44 72 0
44 63 0
44 62 0
44 61 0
44 59 0
44 58 0
44 56 0
44 55 0
44 45 0
44 196 0
44 188 0
44 186 0
44 183 0
44 194 0
44 119 0
44 117 0
44 116 0
44 113 0
44 111 0
44 110 0
44 108 0
44 107 0
44 106 0
44 103 0
44 101 0
44 98 0
44 95 0
44 92 0
44 90 0
44 89 0
44 87 0
44 86 0
44 84 0
44 82 0
44 180 0
44 168 0
44 156 0
44 151 0
44 147 0
44 145 0
44 143 0
44 141 0
45 76 0
45 72 0
45 63 0
45 62 0
45 61 0
45 59 0
45 58 0
45 56 0
45 55 0
45 196 0
45 188 0
45 186 0
45 183 0
45 194 0
45 119 0
45 117 0
45 116 0
45 113 0
45 111 0
45 110 0
45 108 0
45 107 0
45 106 0
45 103 0
45 101 0
45 98 0
45 95 0
45 92 0
45 90 0
45 89 0
45 87 0
45 86 0
45 84 0
45 82 0
45 180 0
45 168 0
45 156 0
45 151 0
45 147 0
45 145 0
45 143 0
45 141 0
46 74 0
46 73 0
46 70 0
46 67 0
46 66 0
46 64 0
46 54 0
46 53 0
46 52 0
46 51 0
46 50 0
46 49 0
46 48 0
46 47 0
46 191 0
46 190 0
46 79 0
46 130 0
46 129 0
46 128 0
46 127 0
46 126 0
46 125 0
46 124 0
46 120 0
46 177 0
46 176 0
46 175 0
46 173 0
46 172 0
46 135 0
46 134 0
46 165 0
46 164 0
46 163 0
46 162 0
46 161 0
46 160 0
46 159 0
46 138 0
46 137 0
46 136 0
46 153 0
46 152 0
46 150 0
46 149 0
46 148 0
46 146 0
46 144 0
47 74 0
47 73 0
47 70 0
47 67 0
47 66 0
47 64 0
47 54 0
47 53 0
47 52 0
47 51 0
47 50 0
47 49 0
47 48 0
47 191 0
47 190 0
47 79 0
47 130 0
47 129 0
47 128 0
47 127 0
47 126 0
47 125 0
47 124 0
47 120 0
47 177 0
47 176 0
47 175 0
47 173 0
47 172 0
47 135 0
47 134 0
47 165 0
47 164 0
47 163 0
47 162 0
47 161 0
47 160 0
47 159 0
47 138 0
47 137 0
47 136 0
47 153 0
47 152 0
47 150 0
47 149 0
47 148 0
47 146 0
47 144 0
48 74 0
48 73 0
48 70 0
48 67 0
48 66 0
48 64 0
48 54 0
48 53 0
48 52 0
48 51 0
48 50 0
48 49 0
48 191 0
48 190 0
48 79 0
48 130 0
48 129 0
48 128 0
48 127 0
48 126 0
48 125 0
48 124 0
48 120 0
48 177 0
48 176 0
48 175 0
48 173 0
48 172 0
48 135 0
48 134 0
48 165 0
48 164 0
48 163 0
48 162 0
48 161 0
48 160 0
48 159 0
48 138 0
48 137 0
48 136 0
48 153 0
48 152 0
48 150 0
48 149 0
48 148 0
48 146 0
48 144 0
49 74 0
49 73 0
49 70 0
49 67 0
49 66 0
49 64 0
49 54 0
49 53 0
49 52 0
49 51 0
49 50 0
49 191 0
49 190 0
49 79 0
49 130 0
49 129 0
49 128 0
49 127 0
49 126 0
49 125 0
49 124 0
49 120 0
49 177 0
49 176 0
49 175 0
49 173 0
49 172 0
49 135 0
49 134 0
49 165 0
49 164 0
49 163 0
49 162 0
49 161 0
49 160 0
49 159 0
49 138 0
49 137 0
49 136 0
49 153 0
49 152 0
49 150 0
49 149 0
49 148 0
49 146 0
49 144 0
50 74 0
50 73 0
50 70 0
50 67 0
50 66 0
50 64 0
50 54 0
50 53 0
50 52 0
50 51 0
50 191 0
50 190 0
50 79 0
50 130 0
50 129 0
50 128 0
50 127 0
50 126 0
50 125 0
50 124 0
50 120 0
50 177 0
50 176 0
50 175 0
50 173 0
50 172 0
50 135 0
50 134 0
50 165 0
50 164 0
50 163 0
50 162 0
50 161 0
50 160 0
50 159 0
50 138 0
50 137 0
50 136 0
50 153 0
50 152 0
50 150 0
50 149 0
50 148 0
50 146 0
50 144 0
51 74 0
51 73 0
51 70 0
51 67 0
51 66 0
51 64 0
51 54 0
51 53 0
51 52 0
51 191 0
51 190 0
51 79 0
51 130 0
51 129 0
51 128 0
51 127 0
51 126 0
51 125 0
51 124 0
51 120 0
51 177 0
51 176 0
51 175 0
51 173 0
51 172 0
51 135 0
51 134 0
51 165 0
51 164 0
51 163 0
51 162 0
51 161 0
51 160 0
51 159 0
51 138 0
51 137 0
51 136 0
51 153 0
51 152 0
51 150 0
51 149 0
51 148 0
51 146 0
51 144 0
52 74 0
52 73 0
52 70 0
52 67 0
52 66 0
52 64 0
52 54 0
52 53 0
52 191 0
52 190 0
52 79 0
52 130 0
52 129 0
52 128 0
52 127 0
52 126 0
52 125 0
52 124 0
52 120 0
52 177 0
52 176 0
52 175 0
52 173 0
52 172 0
52 135 0
52 134 0
52 165 0
52 164 0
52 163 0
52 162 0
52 161 0
52 160 0
52 159 0
52 138 0
52 137 0
52 136 0
52 153 0
52 152 0
52 150 0
52 149 0
52 148 0
52 146 0
52 144 0
53 74 0
53 73 0
53 70 0
53 67 0
53 66 0
53 64 0
53 54 0
53 191 0
53 190 0
53 79 0
53 130 0
53 129 0
53 128 0
53 127 0
53 126 0
53 125 0
53 124 0
53 120 0
53 177 0
53 176 0
53 175 0
53 173 0
53 172 0
53 135 0
53 134 0
53 165 0
53 164 0
53 163 0
53 162 0
53 161 0
53 160 0
53 159 0
53 138 0
53 137 0
53 136 0
53 153 0
53 152 0
53 150 0
53 149 0
53 148 0
53 146 0
53 144 0
54 74 0
54 73 0
54 70 0
54 67 0
54 66 0
54 64 0
54 191 0
54 190 0
54 79 0
54 130 0
54 129 0
54 128 0
54 127 0
54 126 0
54 125 0
54 124 0
54 120 0
54 177 0
54 176 0
54 175 0
54 173 0
54 172 0
54 135 0
54 134 0
54 165 0
54 164 0
54 163 0
54 162 0
54 161 0
54 160 0
54 159 0
54 138 0
54 137 0
54 136 0
54 153 0
54 152 0
54 150 0
54 149 0
54 148 0
54 146 0
54 144 0
55 76 0
55 72 0
55 63 0
55 62 0
55 61 0
55 59 0
55 58 0
55 56 0
55 196 0
55 188 0
55 186 0
55 183 0
55 194 0
55 119 0
55 117 0
55 116 0
55 113 0
55 111 0
55 110 0
55 108 0
55 107 0
55 106 0
55 103 0
55 101 0
55 98 0
55 95 0
55 92 0
55 90 0
55 89 0
55 87 0
55 86 0
55 84 0
55 82 0
55 180 0
55 168 0
55 156 0
55 151 0
55 147 0
55 145 0
55 143 0
55 141 0
56 76 0
56 72 0
56 63 0
56 62 0
56 61 0
56 59 0
56 58 0
56 196 0
56 188 0
56 186 0
56 183 0
56 194 0
56 119 0
56 117 0
56 116 0
56 113 0
56 111 0
56 110 0
56 108 0
56 107 0
56 106 0
56 103 0
56 101 0
56 98 0
56 95 0
56 92 0
56 90 0
56 89 0
56 87 0
56 86 0
56 84 0
56 82 0
56 180 0
56 168 0
56 156 0
56 151 0
56 147 0
56 145 0
56 143 0
56 141 0
58 76 0
58 72 0
58 63 0
58 62 0
58 61 0
58 59 0
58 196 0
58 188 0
58 186 0
58 183 0
58 194 0
58 119 0
58 117 0
58 116 0
58 113 0
58 111 0
58 110 0
58 108 0
58 107 0
58 106 0
58 103 0
58 101 0
58 98 0
58 95 0
58 92 0
58 90 0
58 89 0
58 87 0
58 86 0
58 84 0
58 82 0
58 180 0
58 168 0
58 156 0
58 151 0
58 147 0
58 145 0
58 143 0
58 141 0
59 76 0
59 72 0
59 63 0
59 62 0
59 61 0
59 196 0
59 188 0
59 186 0
59 183 0
59 194 0
59 119 0
59 117 0
59 116 0
59 113 0
59 111 0
59 110 0
59 108 0
59 107 0
59 106 0
59 103 0
59 101 0
59 98 0
59 95 0
59 92 0
59 90 0
59 89 0
59 87 0
59 86 0
59 84 0
59 82 0
59 180 0
59 168 0
59 156 0
59 151 0
59 147 0
59 145 0
59 143 0
59 141 0
61 76 0
61 72 0
61 63 0
61 62 0
61 196 0
61 186 0
61 183 0
61 119 0
61 117 0
61 116 0
61 113 0
61 111 0
61 110 0
61 108 0
61 107 0
61 106 0
61 103 0
61 101 0
61 98 0
61 95 0
61 92 0
61 90 0
61 89 0
61 87 0
61 86 0
61 84 0
61 82 0
61 180 0
61 168 0
61 156 0
61 151 0
61 147 0
61 145 0
61 143 0
61 141 0
62 76 0
62 72 0
62 63 0
62 119 0
62 117 0
62 116 0
62 113 0
62 111 0
62 110 0
62 108 0
62 107 0
62 106 0
62 103 0
62 101 0
62 98 0
62 95 0
62 92 0
62 90 0
62 89 0
62 87 0
62 86 0
62 84 0
62 82 0
62 180 0
62 168 0
62 156 0
62 151 0
62 147 0
62 145 0
62 143 0
62 141 0
63 76 0
63 72 0
63 119 0
63 117 0
63 116 0
63 113 0
63 111 0
63 110 0
63 108 0
63 107 0
63 106 0
63 103 0
63 101 0
63 98 0
63 95 0
63 92 0
63 90 0
63 89 0
63 87 0
63 86 0
63 84 0
63 82 0
63 180 0
63 168 0
63 156 0
63 151 0
63 147 0
63 145 0
63 143 0
63 141 0
64 74 0
64 73 0
64 70 0
64 67 0
64 66 0
64 79 0
64 130 0
64 129 0
64 128 0
64 127 0
64 126 0
64 125 0
64 124 0
64 120 0
64 177 0
64 176 0
64 175 0
64 173 0
64 172 0
64 135 0
64 134 0
64 165 0
64 164 0
64 163 0
64 162 0
64 161 0
64 160 0
64 159 0
64 138 0
64 137 0
64 136 0
64 153 0
64 152 0
64 150 0
64 149 0
64 148 0
64 146 0
64 144 0
66 74 0
66 73 0
66 70 0
66 67 0
66 79 0
66 130 0
66 129 0
66 128 0
66 127 0
66 126 0
66 125 0
66 124 0
66 120 0
66 177 0
66 176 0
66 175 0
66 173 0
66 172 0
66 135 0
66 134 0
66 165 0
66 164 0
66 163 0
66 162 0
66 161 0
66 160 0
66 159 0
66 138 0
66 137 0
66 136 0
66 153 0
66 152 0
66 150 0
66 149 0
66 148 0
66 146 0
66 144 0
70 74 0
70 73 0
70 79 0
70 130 0
70 129 0
70 128 0
70 127 0
70 126 0
70 125 0
70 124 0
70 120 0
70 177 0
70 176 0
70 175 0
70 173 0
70 172 0
70 135 0
70 134 0
70 165 0
70 164 0
70 163 0
70 162 0
70 161 0
70 160 0
70 159 0
70 138 0
70 137 0
70 136 0
70 153 0
70 152 0
70 150 0
70 149 0
70 148 0
70 146 0
70 144 0
72 76 0
72 119 0
72 117 0
72 116 0
72 113 0
72 111 0
72 110 0
72 108 0
72 107 0
72 106 0
72 103 0
72 101 0
72 98 0
72 95 0
72 92 0
72 90 0
72 89 0
72 87 0
72 86 0
72 84 0
72 82 0
73 74 0
73 79 0
73 130 0
73 129 0
73 128 0
73 127 0
73 126 0
73 125 0
73 124 0
73 120 0
73 177 0
73 176 0
73 175 0
73 173 0
73 172 0
73 135 0
73 134 0
73 165 0
73 164 0
73 163 0
73 162 0
73 161 0
73 160 0
73 159 0
73 138 0
73 137 0
73 136 0
73 153 0
73 152 0
73 150 0
73 149 0
73 148 0
73 146 0
73 144 0
74 79 0
74 130 0
74 129 0
74 128 0
74 127 0
74 126 0
74 125 0
74 124 0
74 120 0
74 177 0
74 176 0
74 175 0
74 173 0
74 172 0
74 135 0
74 134 0
74 165 0
74 164 0
74 163 0
74 162 0
74 161 0
74 160 0
74 159 0
74 138 0
74 137 0
74 136 0
74 153 0
74 152 0
74 150 0
74 149 0
74 148 0
74 146 0
74 144 0
79 130 0
79 129 0
79 128 0
79 127 0
79 126 0
79 125 0
79 124 0
79 120 0
79 177 0
79 176 0
79 175 0
79 173 0
79 172 0
79 135 0
79 134 0
79 165 0
79 164 0
79 163 0
79 162 0
79 161 0
79 160 0
79 159 0
79 138 0
79 137 0
79 136 0
79 153 0
79 152 0
79 150 0
79 149 0
79 148 0
79 146 0
79 144 0
82 119 0
82 117 0
82 116 0
82 113 0
82 111 0
82 110 0
82 108 0
82 107 0
82 106 0
82 103 0
82 101 0
82 98 0
82 95 0
82 92 0
82 90 0
82 89 0
82 87 0
82 86 0
82 84 0
82 180 0
82 168 0
82 156 0
82 151 0
82 147 0
82 145 0
82 143 0
82 141 0
84 119 0
84 117 0
84 116 0
84 113 0
84 111 0
84 110 0
84 108 0
84 107 0
84 106 0
84 103 0
84 101 0
84 98 0
84 95 0
84 92 0
84 90 0
84 89 0
84 87 0
84 86 0
84 180 0
84 168 0
84 156 0
84 151 0
84 147 0
84 145 0
84 143 0
84 141 0
86 119 0
86 117 0
86 116 0
86 113 0
86 111 0
86 110 0
86 108 0
86 107 0
86 106 0
86 103 0
86 101 0
86 98 0
86 95 0
86 92 0
86 90 0
86 89 0
86 87 0
86 180 0
86 168 0
86 156 0
86 151 0
86 147 0
86 145 0
86 143 0
86 141 0
87 119 0
87 117 0
87 116 0
87 113 0
87 111 0
87 110 0
87 108 0
87 107 0
87 106 0
87 103 0
87 101 0
87 98 0
87 95 0
87 92 0
87 90 0
87 89 0
87 180 0
87 168 0
87 156 0
87 151 0
87 147 0
87 145 0
87 143 0
87 141 0
90 119 0
90 117 0
90 116 0
90 113 0
90 111 0
90 110 0
90 108 0
90 107 0
90 106 0
90 103 0
90 101 0
90 98 0
90 95 0
90 92 0
90 180 0
90 168 0
90 156 0
90 151 0
90 147 0
90 145 0
90 143 0
90 141 0
92 107 0
92 106 0
92 103 0
92 101 0
92 98 0
92 95 0
95 110 0
95 108 0
95 107 0
95 106 0
95 103 0
95 101 0
95 98 0
98 119 0
98 117 0
98 116 0
98 113 0
98 111 0
98 110 0
98 108 0
98 107 0
98 106 0
98 103 0
98 101 0
98 180 0
98 168 0
98 156 0
98 151 0
98 147 0
98 145 0
98 143 0
98 141 0
101 106 0
101 103 0
103 119 0
103 117 0
103 116 0
103 113 0
103 111 0
103 110 0
103 108 0
103 107 0
103 106 0
103 180 0
103 168 0
103 156 0
103 151 0
103 147 0
103 145 0
103 143 0
103 141 0
106 119 0
106 117 0
106 116 0
106 113 0
106 111 0
106 110 0
106 108 0
106 107 0
106 180 0
106 168 0
106 156 0
106 151 0
106 147 0
106 145 0
106 143 0
106 141 0
107 113 0
107 111 0
107 110 0
107 108 0
108 117 0
108 116 0
108 113 0
108 111 0
108 110 0
110 119 0
110 117 0
110 116 0
110 113 0
110 111 0
110 180 0
110 168 0
110 156 0
110 151 0
110 147 0
110 145 0
110 143 0
110 141 0
111 119 0
111 117 0
111 116 0
111 113 0
111 180 0
111 168 0
111 156 0
111 151 0
111 147 0
111 145 0
111 143 0
111 141 0
113 119 0
113 117 0
113 116 0
113 180 0
113 168 0
113 156 0
113 151 0
113 147 0
113 145 0
113 143 0
113 141 0
116 119 0
116 117 0
116 180 0
116 168 0
116 156 0
116 151 0
116 147 0
116 145 0
116 143 0
116 141 0
117 119 0
117 180 0
117 168 0
117 156 0
117 151 0
117 147 0
117 145 0
117 143 0
117 141 0
119 180 0
119 168 0
119 156 0
119 151 0
119 147 0
119 145 0
119 143 0
119 141 0
130 177 0
130 176 0
130 175 0
130 173 0
130 172 0
136 137 0
143 151 0
143 147 0
143 145 0
144 149 0
144 148 0
144 146 0
146 148 0
150 152 0
159 162 0
159 161 0
159 160 0
160 161 0
163 164 0
183 188 0
183 186 0
186 188 0
186 194 0
188 194 0
1 0 0
2 0 0
3 0 0
4 0 0
5 0 0
6 0 0
7 0 0
8 0 0
9 0 0
10 0 0
11 0 0
12 0 0
13 0 0
14 0 0
15 0 0
33 0 0
46 0 0
47 0 0
48 0 0
49 0 0
50 0 0
51 0 0
52 0 0
53 0 0
54 0 0
64 0 0
66 0 0
67 0 0
70 0 0
73 0 0
74 0 0
79 0 0
120 0 0
124 0 0
125 0 0
126 0 0
127 0 0
128 0 0
129 0 0
130 0 0
134 0 0
135 0 0
136 0 0
137 0 0
138 0 0
144 0 0
146 0 0
148 0 0
149 0 0
150 0 0
152 0 0
153 0 0
159 0 0
160 0 0
161 0 0
162 0 0
163 0 0
164 0 0
165 0 0
172 0 0
173 0 0
175 0 0
176 0 0
177 0 0
190 0 0
191 0 0
76 0 0
72 0 0
63 0 0
62 0 0
61 0 0
59 0 0
58 0 0
56 0 0
55 0 0
45 0 0
44 0 0
43 0 0
42 0 0
41 0 0
40 0 0
39 0 0
38 0 0
196 0 0
37 0 0
188 0 0
186 0 0
183 0 0
194 0 0
32 0 0
119 0 0
117 0 0
116 0 0
113 0 0
111 0 0
110 0 0
108 0 0
107 0 0
106 0 0
103 0 0
101 0 0
98 0 0
95 0 0
92 0 0
90 0 0
89 0 0
87 0 0
86 0 0
84 0 0
82 0 0
35 0 0
180 0 0
36 0 0
168 0 0
34 0 0
156 0 0
151 0 0
147 0 0
145 0 0
143 0 0
141 0 0
2 1 0
3 1 0
4 1 0
5 1 0
6 1 0
7 1 0
8 1 0
9 1 0
10 1 0
11 1 0
12 1 0
13 1 0
14 1 0
15 1 0
33 1 0
46 1 0
47 1 0
48 1 0
49 1 0
50 1 0
51 1 0
52 1 0
53 1 0
54 1 0
64 1 0
66 1 0
67 1 0
70 1 0
73 1 0
74 1 0
79 1 0
120 1 0
124 1 0
125 1 0
126 1 0
127 1 0
128 1 0
129 1 0
130 1 0
134 1 0
135 1 0
136 1 0
137 1 0
138 1 0
144 1 0
146 1 0
148 1 0
149 1 0
150 1 0
152 1 0
153 1 0
159 1 0
160 1 0
161 1 0
162 1 0
163 1 0
164 1 0
165 1 0
172 1 0
173 1 0
175 1 0
176 1 0
177 1 0
190 1 0
191 1 0
76 1 0
72 1 0
63 1 0
62 1 0
61 1 0
59 1 0
58 1 0
56 1 0
55 1 0
45 1 0
44 1 0
43 1 0
42 1 0
41 1 0
40 1 0
39 1 0
38 1 0
196 1 0
37 1 0
188 1 0
186 1 0
183 1 0
194 1 0
32 1 0
119 1 0
117 1 0
116 1 0
113 1 0
111 1 0
110 1 0
108 1 0
107 1 0
106 1 0
103 1 0
101 1 0
98 1 0
95 1 0
92 1 0
90 1 0
89 1 0
87 1 0
86 1 0
84 1 0
82 1 0
35 1 0
180 1 0
36 1 0
168 1 0
34 1 0
156 1 0
151 1 0
147 1 0
145 1 0
143 1 0
141 1 0
3 2 0
4 2 0
5 2 0
6 2 0
7 2 0
8 2 0
9 2 0
10 2 0
11 2 0
12 2 0
13 2 0
14 2 0
15 2 0
33 2 0
46 2 0
47 2 0
48 2 0
49 2 0
50 2 0
51 2 0
52 2 0
53 2 0
54 2 0
64 2 0
66 2 0
67 2 0
70 2 0
73 2 0
74 2 0
79 2 0
120 2 0
124 2 0
125 2 0
126 2 0
127 2 0
128 2 0
129 2 0
130 2 0
134 2 0
135 2 0
136 2 0
137 2 0
138 2 0
144 2 0
146 2 0
148 2 0
149 2 0
150 2 0
152 2 0
153 2 0
159 2 0
160 2 0
161 2 0
162 2 0
163 2 0
164 2 0
165 2 0
172 2 0
173 2 0
175 2 0
176 2 0
177 2 0
190 2 0
191 2 0
63 2 0
62 2 0
61 2 0
59 2 0
58 2 0
56 2 0
55 2 0
45 2 0
44 2 0
43 2 0
42 2 0
41 2 0
40 2 0
39 2 0
38 2 0
4 3 0
5 3 0
6 3 0
7 3 0
8 3 0
9 3 0
10 3 0
11 3 0
12 3 0
13 3 0
14 3 0
15 3 0
33 3 0
46 3 0
47 3 0
48 3 0
49 3 0
50 3 0
51 3 0
52 3 0
53 3 0
54 3 0
64 3 0
66 3 0
67 3 0
70 3 0
73 3 0
74 3 0
79 3 0
120 3 0
124 3 0
125 3 0
126 3 0
127 3 0
128 3 0
129 3 0
130 3 0
134 3 0
135 3 0
136 3 0
137 3 0
138 3 0
144 3 0
146 3 0
148 3 0
149 3 0
150 3 0
152 3 0
153 3 0
159 3 0
160 3 0
161 3 0
162 3 0
163 3 0
164 3 0
165 3 0
172 3 0
173 3 0
175 3 0
176 3 0
177 3 0
190 3 0
191 3 0
5 4 0
6 4 0
7 4 0
8 4 0
9 4 0
10 4 0
11 4 0
12 4 0
13 4 0
14 4 0
15 4 0
33 4 0
46 4 0
47 4 0
48 4 0
49 4 0
50 4 0
51 4 0
52 4 0
53 4 0
54 4 0
64 4 0
66 4 0
67 4 0
70 4 0
73 4 0
74 4 0
79 4 0
120 4 0
124 4 0
125 4 0
126 4 0
127 4 0
128 4 0
129 4 0
130 4 0
134 4 0
135 4 0
136 4 0
137 4 0
138 4 0
144 4 0
146 4 0
148 4 0
149 4 0
150 4 0
152 4 0
153 4 0
159 4 0
160 4 0
161 4 0
162 4 0
163 4 0
164 4 0
165 4 0
172 4 0
173 4 0
175 4 0
176 4 0
177 4 0
190 4 0
191 4 0
38 4 0
6 5 0
7 5 0
8 5 0
9 5 0
10 5 0
11 5 0
12 5 0
13 5 0
14 5 0
15 5 0
33 5 0
46 5 0
47 5 0
48 5 0
49 5 0
50 5 0
51 5 0
52 5 0
53 5 0
54 5 0
64 5 0
66 5 0
67 5 0
70 5 0
73 5 0
74 5 0
79 5 0
120 5 0
124 5 0
125 5 0
126 5 0
127 5 0
128 5 0
129 5 0
130 5 0
134 5 0
135 5 0
136 5 0
137 5 0
138 5 0
144 5 0
146 5 0
148 5 0
149 5 0
150 5 0
152 5 0
153 5 0
159 5 0
160 5 0
161 5 0
162 5 0
163 5 0
164 5 0
165 5 0
172 5 0
173 5 0
175 5 0
176 5 0
177 5 0
190 5 0
191 5 0
39 5 0
38 5 0
7 6 0
8 6 0
9 6 0
10 6 0
11 6 0
12 6 0
13 6 0
14 6 0
15 6 0
33 6 0
46 6 0
47 6 0
48 6 0
49 6 0
50 6 0
51 6 0
52 6 0
53 6 0
54 6 0
64 6 0
66 6 0
67 6 0
70 6 0
73 6 0
74 6 0
79 6 0
120 6 0
124 6 0
125 6 0
126 6 0
127 6 0
128 6 0
129 6 0
130 6 0
134 6 0
135 6 0
136 6 0
137 6 0
138 6 0
144 6 0
146 6 0
148 6 0
149 6 0
150 6 0
152 6 0
153 6 0
159 6 0
160 6 0
161 6 0
162 6 0
163 6 0
164 6 0
165 6 0
172 6 0
173 6 0
175 6 0
176 6 0
177 6 0
190 6 0
191 6 0
40 6 0
39 6 0
38 6 0
8 7 0
9 7 0
10 7 0
11 7 0
12 7 0
13 7 0
14 7 0
15 7 0
33 7 0
46 7 0
47 7 0
48 7 0
49 7 0
50 7 0
51 7 0
52 7 0
53 7 0
54 7 0
64 7 0
66 7 0
67 7 0
70 7 0
73 7 0
74 7 0
79 7 0
120 7 0
124 7 0
125 7 0
126 7 0
127 7 0
128 7 0
129 7 0
130 7 0
134 7 0
135 7 0
136 7 0
137 7 0
138 7 0
144 7 0
146 7 0
148 7 0
149 7 0
150 7 0
152 7 0
153 7 0
159 7 0
160 7 0
161 7 0
162 7 0
163 7 0
164 7 0
165 7 0
172 7 0
173 7 0
175 7 0
176 7 0
177 7 0
190 7 0
191 7 0
41 7 0
40 7 0
39 7 0
38 7 0
9 8 0
10 8 0
11 8 0
12 8 0
13 8 0
14 8 0
15 8 0
33 8 0
46 8 0
47 8 0
48 8 0
49 8 0
50 8 0
51 8 0
52 8 0
53 8 0
54 8 0
64 8 0
66 8 0
67 8 0
70 8 0
73 8 0
74 8 0
79 8 0
120 8 0
124 8 0
125 8 0
126 8 0
127 8 0
128 8 0
129 8 0
130 8 0
134 8 0
135 8 0
136 8 0
137 8 0
138 8 0
144 8 0
146 8 0
148 8 0
149 8 0
150 8 0
152 8 0
153 8 0
159 8 0
160 8 0
161 8 0
162 8 0
163 8 0
164 8 0
165 8 0
172 8 0
173 8 0
175 8 0
176 8 0
177 8 0
190 8 0
191 8 0
42 8 0
41 8 0
40 8 0
39 8 0
38 8 0
10 9 0
11 9 0
12 9 0
13 9 0
14 9 0
15 9 0
33 9 0
46 9 0
47 9 0
48 9 0
49 9 0
50 9 0
51 9 0
52 9 0
53 9 0
54 9 0
64 9 0
66 9 0
67 9 0
70 9 0
73 9 0
74 9 0
79 9 0
120 9 0
124 9 0
125 9 0
126 9 0
127 9 0
128 9 0
129 9 0
130 9 0
134 9 0
135 9 0
136 9 0
137 9 0
138 9 0
144 9 0
146 9 0
148 9 0
149 9 0
150 9 0
152 9 0
153 9 0
159 9 0
160 9 0
161 9 0
162 9 0
163 9 0
164 9 0
165 9 0
172 9 0
173 9 0
175 9 0
176 9 0
177 9 0
190 9 0
191 9 0
43 9 0
42 9 0
41 9 0
40 9 0
39 9 0
38 9 0
11 10 0
12 10 0
13 10 0
14 10 0
15 10 0
33 10 0
46 10 0
47 10 0
48 10 0
49 10 0
50 10 0
51 10 0
52 10 0
53 10 0
54 10 0
64 10 0
66 10 0
67 10 0
70 10 0
73 10 0
74 10 0
79 10 0
120 10 0
124 10 0
125 10 0
126 10 0
127 10 0
128 10 0
129 10 0
130 10 0
134 10 0
135 10 0
136 10 0
137 10 0
138 10 0
144 10 0
146 10 0
148 10 0
149 10 0
150 10 0
152 10 0
153 10 0
159 10 0
160 10 0
161 10 0
162 10 0
163 10 0
164 10 0
165 10 0
172 10 0
173 10 0
175 10 0
176 10 0
177 10 0
190 10 0
191 10 0
45 10 0
44 10 0
43 10 0
42 10 0
41 10 0
40 10 0
39 10 0
38 10 0
12 11 0
13 11 0
14 11 0
15 11 0
33 11 0
46 11 0
47 11 0
48 11 0
49 11 0
50 11 0
51 11 0
52 11 0
53 11 0
54 11 0
64 11 0
66 11 0
67 11 0
70 11 0
73 11 0
74 11 0
79 11 0
120 11 0
124 11 0
125 11 0
126 11 0
127 11 0
128 11 0
129 11 0
130 11 0
134 11 0
135 11 0
136 11 0
137 11 0
138 11 0
144 11 0
146 11 0
148 11 0
149 11 0
150 11 0
152 11 0
153 11 0
159 11 0
160 11 0
161 11 0
162 11 0
163 11 0
164 11 0
165 11 0
172 11 0
173 11 0
175 11 0
176 11 0
177 11 0
190 11 0
191 11 0
56 11 0
55 11 0
45 11 0
44 11 0
43 11 0
42 11 0
41 11 0
40 11 0
39 11 0
38 11 0
13 12 0
14 12 0
15 12 0
33 12 0
46 12 0
47 12 0
48 12 0
49 12 0
50 12 0
51 12 0
52 12 0
53 12 0
54 12 0
64 12 0
66 12 0
67 12 0
70 12 0
73 12 0
74 12 0
79 12 0
120 12 0
124 12 0
125 12 0
126 12 0
127 12 0
128 12 0
129 12 0
130 12 0
134 12 0
135 12 0
136 12 0
137 12 0
138 12 0
144 12 0
146 12 0
148 12 0
149 12 0
150 12 0
152 12 0
153 12 0
159 12 0
160 12 0
161 12 0
162 12 0
163 12 0
164 12 0
165 12 0
172 12 0
173 12 0
175 12 0
176 12 0
177 12 0
190 12 0
191 12 0
59 12 0
58 12 0
56 12 0
55 12 0
45 12 0
44 12 0
43 12 0
42 12 0
41 12 0
40 12 0
39 12 0
38 12 0
14 13 0
15 13 0
33 13 0
46 13 0
47 13 0
48 13 0
49 13 0
50 13 0
51 13 0
52 13 0
53 13 0
54 13 0
64 13 0
66 13 0
67 13 0
70 13 0
73 13 0
74 13 0
79 13 0
120 13 0
124 13 0
125 13 0
126 13 0
127 13 0
128 13 0
129 13 0
130 13 0
134 13 0
135 13 0
136 13 0
137 13 0
138 13 0
144 13 0
146 13 0
148 13 0
149 13 0
150 13 0
152 13 0
153 13 0
159 13 0
160 13 0
161 13 0
162 13 0
163 13 0
164 13 0
165 13 0
172 13 0
173 13 0
175 13 0
176 13 0
177 13 0
190 13 0
191 13 0
61 13 0
59 13 0
58 13 0
56 13 0
55 13 0
45 13 0
44 13 0
43 13 0
42 13 0
41 13 0
40 13 0
39 13 0
38 13 0
15 14 0
33 14 0
46 14 0
47 14 0
48 14 0
49 14 0
50 14 0
51 14 0
52 14 0
53 14 0
54 14 0
64 14 0
66 14 0
67 14 0
70 14 0
73 14 0
74 14 0
79 14 0
120 14 0
124 14 0
125 14 0
126 14 0
127 14 0
128 14 0
129 14 0
130 14 0
134 14 0
135 14 0
136 14 0
137 14 0
138 14 0
144 14 0
146 14 0
148 14 0
149 14 0
150 14 0
152 14 0
153 14 0
159 14 0
160 14 0
161 14 0
162 14 0
163 14 0
164 14 0
165 14 0
172 14 0
173 14 0
175 14 0
176 14 0
177 14 0
190 14 0
191 14 0
33 15 0
46 15 0
47 15 0
48 15 0
49 15 0
50 15 0
51 15 0
52 15 0
53 15 0
54 15 0
64 15 0
66 15 0
67 15 0
70 15 0
73 15 0
74 15 0
79 15 0
120 15 0
124 15 0
125 15 0
126 15 0
127 15 0
128 15 0
129 15 0
130 15 0
134 15 0
135 15 0
136 15 0
137 15 0
138 15 0
144 15 0
146 15 0
148 15 0
149 15 0
150 15 0
152 15 0
153 15 0
159 15 0
160 15 0
161 15 0
162 15 0
163 15 0
164 15 0
165 15 0
172 15 0
173 15 0
175 15 0
176 15 0
177 15 0
190 15 0
191 15 0
44 15 0
43 15 0
42 15 0
41 15 0
40 15 0
39 15 0
38 15 0
17 16 0
18 16 0
19 16 0
20 16 0
21 16 0
22 16 0
23 16 0
24 16 0
25 16 0
26 16 0
27 16 0
28 16 0
29 16 0
30 16 0
31 16 0
32 16 0
34 16 0
35 16 0
36 16 0
37 16 0
38 16 0
39 16 0
40 16 0
41 16 0
42 16 0
43 16 0
44 16 0
45 16 0
55 16 0
56 16 0
58 16 0
59 16 0
61 16 0
62 16 0
63 16 0
72 16 0
76 16 0
82 16 0
84 16 0
86 16 0
87 16 0
89 16 0
90 16 0
92 16 0
95 16 0
98 16 0
101 16 0
103 16 0
106 16 0
107 16 0
108 16 0
110 16 0
111 16 0
113 16 0
116 16 0
117 16 0
119 16 0
141 16 0
143 16 0
145 16 0
147 16 0
151 16 0
156 16 0
168 16 0
180 16 0
183 16 0
186 16 0
188 16 0
194 16 0
196 16 0
74 16 0
73 16 0
70 16 0
67 16 0
66 16 0
64 16 0
54 16 0
53 16 0
52 16 0
51 16 0
50 16 0
49 16 0
48 16 0
47 16 0
46 16 0
191 16 0
190 16 0
79 16 0
33 16 0
130 16 0
129 16 0
128 16 0
127 16 0
126 16 0
125 16 0
124 16 0
120 16 0
177 16 0
176 16 0
175 16 0
173 16 0
172 16 0
135 16 0
134 16 0
165 16 0
164 16 0
163 16 0
162 16 0
161 16 0
160 16 0
159 16 0
138 16 0
137 16 0
136 16 0
153 16 0
152 16 0
150 16 0
149 16 0
148 16 0
146 16 0
144 16 0
18 17 0
19 17 0
20 17 0
21 17 0
22 17 0
23 17 0
24 17 0
25 17 0
26 17 0
27 17 0
28 17 0
29 17 0
30 17 0
31 17 0
32 17 0
34 17 0
35 17 0
36 17 0
37 17 0
38 17 0
39 17 0
40 17 0
41 17 0
42 17 0
43 17 0
44 17 0
45 17 0
55 17 0
56 17 0
58 17 0
59 17 0
61 17 0
62 17 0
63 17 0
72 17 0
76 17 0
82 17 0
84 17 0
86 17 0
87 17 0
89 17 0
90 17 0
92 17 0
95 17 0
98 17 0
101 17 0
103 17 0
106 17 0
107 17 0
108 17 0
110 17 0
111 17 0
113 17 0
116 17 0
117 17 0
119 17 0
141 17 0
143 17 0
145 17 0
147 17 0
151 17 0
156 17 0
168 17 0
180 17 0
183 17 0
186 17 0
188 17 0
194 17 0
196 17 0
19 18 0
20 18 0
21 18 0
22 18 0
23 18 0
24 18 0
25 18 0
26 18 0
27 18 0
28 18 0
29 18 0
30 18 0
31 18 0
32 18 0
34 18 0
35 18 0
36 18 0
37 18 0
38 18 0
39 18 0
40 18 0
41 18 0
42 18 0
43 18 0
44 18 0
45 18 0
55 18 0
56 18 0
58 18 0
59 18 0
61 18 0
62 18 0
63 18 0
72 18 0
76 18 0
82 18 0
84 18 0
86 18 0
87 18 0
89 18 0
90 18 0
92 18 0
95 18 0
98 18 0
101 18 0
103 18 0
106 18 0
107 18 0
108 18 0
110 18 0
111 18 0
113 18 0
116 18 0
117 18 0
119 18 0
141 18 0
143 18 0
145 18 0
147 18 0
151 18 0
156 18 0
168 18 0
180 18 0
183 18 0
186 18 0
188 18 0
194 18 0
196 18 0
46 18 0
20 19 0
21 19 0
22 19 0
23 19 0
24 19 0
25 19 0
26 19 0
27 19 0
28 19 0
29 19 0
30 19 0
31 19 0
32 19 0
34 19 0
35 19 0
36 19 0
37 19 0
38 19 0
39 19 0
40 19 0
41 19 0
42 19 0
43 19 0
44 19 0
45 19 0
55 19 0
56 19 0
58 19 0
59 19 0
61 19 0
62 19 0
63 19 0
72 19 0
76 19 0
82 19 0
84 19 0
86 19 0
87 19 0
89 19 0
90 19 0
92 19 0
95 19 0
98 19 0
101 19 0
103 19 0
106 19 0
107 19 0
108 19 0
110 19 0
111 19 0
113 19 0
116 19 0
117 19 0
119 19 0
141 19 0
143 19 0
145 19 0
147 19 0
151 19 0
156 19 0
168 19 0
180 19 0
183 19 0
186 19 0
188 19 0
194 19 0
196 19 0
47 19 0
46 19 0
21 20 0
22 20 0
23 20 0
24 20 0
25 20 0
26 20 0
27 20 0
28 20 0
29 20 0
30 20 0
31 20 0
32 20 0
34 20 0
35 20 0
36 20 0
37 20 0
38 20 0
39 20 0
40 20 0
41 20 0
42 20 0
43 20 0
44 20 0
45 20 0
55 20 0
56 20 0
58 20 0
59 20 0
61 20 0
62 20 0
63 20 0
72 20 0
76 20 0
82 20 0
84 20 0
86 20 0
87 20 0
89 20 0
90 20 0
92 20 0
95 20 0
98 20 0
101 20 0
103 20 0
106 20 0
107 20 0
108 20 0
110 20 0
111 20 0
113 20 0
116 20 0
117 20 0
119 20 0
141 20 0
143 20 0
145 20 0
147 20 0
151 20 0
156 20 0
168 20 0
180 20 0
183 20 0
186 20 0
188 20 0
194 20 0
196 20 0
48 20 0
47 20 0
46 20 0
22 21 0
23 21 0
24 21 0
25 21 0
26 21 0
27 21 0
28 21 0
29 21 0
30 21 0
31 21 0
32 21 0
34 21 0
35 21 0
36 21 0
37 21 0
38 21 0
39 21 0
40 21 0
41 21 0
42 21 0
43 21 0
44 21 0
45 21 0
55 21 0
56 21 0
58 21 0
59 21 0
61 21 0
62 21 0
63 21 0
72 21 0
76 21 0
82 21 0
84 21 0
86 21 0
87 21 0
89 21 0
90 21 0
92 21 0
95 21 0
98 21 0
101 21 0
103 21 0
106 21 0
107 21 0
108 21 0
110 21 0
111 21 0
113 21 0
116 21 0
117 21 0
119 21 0
141 21 0
143 21 0
145 21 0
147 21 0
151 21 0
156 21 0
168 21 0
180 21 0
183 21 0
186 21 0
188 21 0
194 21 0
196 21 0
49 21 0
48 21 0
47 21 0
46 21 0
23 22 0
24 22 0
25 22 0
26 22 0
27 22 0
28 22 0
29 22 0
30 22 0
31 22 0
32 22 0
34 22 0
35 22 0
36 22 0
37 22 0
38 22 0
39 22 0
40 22 0
41 22 0
42 22 0
43 22 0
44 22 0
45 22 0
55 22 0
56 22 0
58 22 0
59 22 0
61 22 0
62 22 0
63 22 0
72 22 0
76 22 0
82 22 0
84 22 0
86 22 0
87 22 0
89 22 0
90 22 0
92 22 0
95 22 0
98 22 0
101 22 0
103 22 0
106 22 0
107 22 0
108 22 0
110 22 0
111 22 0
113 22 0
116 22 0
117 22 0
119 22 0
141 22 0
143 22 0
145 22 0
147 22 0
151 22 0
156 22 0
168 22 0
180 22 0
183 22 0
186 22 0
188 22 0
194 22 0
196 22 0
50 22 0
49 22 0
48 22 0
47 22 0
46 22 0
24 23 0
25 23 0
26 23 0
27 23 0
28 23 0
29 23 0
30 23 0
31 23 0
32 23 0
34 23 0
35 23 0
36 23 0
37 23 0
38 23 0
39 23 0
40 23 0
41 23 0
42 23 0
43 23 0
44 23 0
45 23 0
55 23 0
56 23 0
58 23 0
59 23 0
61 23 0
62 23 0
63 23 0
72 23 0
76 23 0
82 23 0
84 23 0
86 23 0
87 23 0
89 23 0
90 23 0
92 23 0
95 23 0
98 23 0
101 23 0
103 23 0
106 23 0
107 23 0
108 23 0
110 23 0
111 23 0
113 23 0
116 23 0
117 23 0
119 23 0
141 23 0
143 23 0
145 23 0
147 23 0
151 23 0
156 23 0
168 23 0
180 23 0
183 23 0
186 23 0
188 23 0
194 23 0
196 23 0
51 23 0
50 23 0
49 23 0
48 23 0
47 23 0
46 23 0
25 24 0
26 24 0
27 24 0
28 24 0
29 24 0
30 24 0
31 24 0
32 24 0
34 24 0
35 24 0
36 24 0
37 24 0
38 24 0
39 24 0
40 24 0
41 24 0
42 24 0
43 24 0
44 24 0
45 24 0
55 24 0
56 24 0
58 24 0
59 24 0
61 24 0
62 24 0
63 24 0
72 24 0
76 24 0
82 24 0
84 24 0
86 24 0
87 24 0
89 24 0
90 24 0
92 24 0
95 24 0
98 24 0
101 24 0
103 24 0
106 24 0
107 24 0
108 24 0
110 24 0
111 24 0
113 24 0
116 24 0
117 24 0
119 24 0
141 24 0
143 24 0
145 24 0
147 24 0
151 24 0
156 24 0
168 24 0
180 24 0
183 24 0
186 24 0
188 24 0
194 24 0
196 24 0
52 24 0
51 24 0
50 24 0
49 24 0
48 24 0
47 24 0
46 24 0
26 25 0
27 25 0
28 25 0
29 25 0
30 25 0
31 25 0
32 25 0
34 25 0
35 25 0
36 25 0
37 25 0
38 25 0
39 25 0
40 25 0
41 25 0
42 25 0
43 25 0
44 25 0
45 25 0
55 25 0
56 25 0
58 25 0
59 25 0
61 25 0
62 25 0
63 25 0
72 25 0
76 25 0
82 25 0
84 25 0
86 25 0
87 25 0
89 25 0
90 25 0
92 25 0
95 25 0
98 25 0
101 25 0
103 25 0
106 25 0
107 25 0
108 25 0
110 25 0
111 25 0
113 25 0
116 25 0
117 25 0
119 25 0
141 25 0
143 25 0
145 25 0
147 25 0
151 25 0
156 25 0
168 25 0
180 25 0
183 25 0
186 25 0
188 25 0
194 25 0
196 25 0
53 25 0
52 25 0
51 25 0
50 25 0
49 25 0
48 25 0
47 25 0
46 25 0
27 26 0
28 26 0
29 26 0
30 26 0
31 26 0
32 26 0
34 26 0
35 26 0
36 26 0
37 26 0
38 26 0
39 26 0
40 26 0
41 26 0
42 26 0
43 26 0
44 26 0
45 26 0
55 26 0
56 26 0
58 26 0
59 26 0
61 26 0
62 26 0
63 26 0
72 26 0
76 26 0
82 26 0
84 26 0
86 26 0
87 26 0
89 26 0
90 26 0
92 26 0
95 26 0
98 26 0
101 26 0
103 26 0
106 26 0
107 26 0
108 26 0
110 26 0
111 26 0
113 26 0
116 26 0
117 26 0
119 26 0
141 26 0
143 26 0
145 26 0
147 26 0
151 26 0
156 26 0
168 26 0
180 26 0
183 26 0
186 26 0
188 26 0
194 26 0
196 26 0
28 27 0
29 27 0
30 27 0
31 27 0
32 27 0
34 27 0
35 27 0
36 27 0
37 27 0
38 27 0
39 27 0
40 27 0
41 27 0
42 27 0
43 27 0
44 27 0
45 27 0
55 27 0
56 27 0
58 27 0
59 27 0
61 27 0
62 27 0
63 27 0
72 27 0
76 27 0
82 27 0
84 27 0
86 27 0
87 27 0
89 27 0
90 27 0
92 27 0
95 27 0
98 27 0
101 27 0
103 27 0
106 27 0
107 27 0
108 27 0
110 27 0
111 27 0
113 27 0
116 27 0
117 27 0
119 27 0
141 27 0
143 27 0
145 27 0
147 27 0
151 27 0
156 27 0
168 27 0
180 27 0
183 27 0
186 27 0
188 27 0
194 27 0
196 27 0
29 28 0
30 28 0
31 28 0
32 28 0
34 28 0
35 28 0
36 28 0
37 28 0
38 28 0
39 28 0
40 28 0
41 28 0
42 28 0
43 28 0
44 28 0
45 28 0
55 28 0
56 28 0
58 28 0
59 28 0
61 28 0
62 28 0
63 28 0
72 28 0
76 28 0
82 28 0
84 28 0
86 28 0
87 28 0
89 28 0
90 28 0
92 28 0
95 28 0
98 28 0
101 28 0
103 28 0
106 28 0
107 28 0
108 28 0
110 28 0
111 28 0
113 28 0
116 28 0
117 28 0
119 28 0
141 28 0
143 28 0
145 28 0
147 28 0
151 28 0
156 28 0
168 28 0
180 28 0
183 28 0
186 28 0
188 28 0
194 28 0
196 28 0
30 29 0
31 29 0
32 29 0
34 29 0
35 29 0
36 29 0
37 29 0
38 29 0
39 29 0
40 29 0
41 29 0
42 29 0
43 29 0
44 29 0
45 29 0
55 29 0
56 29 0
58 29 0
59 29 0
61 29 0
62 29 0
63 29 0
72 29 0
76 29 0
82 29 0
84 29 0
86 29 0
87 29 0
89 29 0
90 29 0
92 29 0
95 29 0
98 29 0
101 29 0
103 29 0
106 29 0
107 29 0
108 29 0
110 29 0
111 29 0
113 29 0
116 29 0
117 29 0
119 29 0
141 29 0
143 29 0
145 29 0
147 29 0
151 29 0
156 29 0
168 29 0
180 29 0
183 29 0
186 29 0
188 29 0
194 29 0
196 29 0
31 30 0
32 30 0
34 30 0
35 30 0
36 30 0
37 30 0
38 30 0
39 30 0
40 30 0
41 30 0
42 30 0
43 30 0
44 30 0
45 30 0
55 30 0
56 30 0
58 30 0
59 30 0
61 30 0
62 30 0
63 30 0
72 30 0
76 30 0
82 30 0
84 30 0
86 30 0
87 30 0
89 30 0
90 30 0
92 30 0
95 30 0
98 30 0
101 30 0
103 30 0
106 30 0
107 30 0
108 30 0
110 30 0
111 30 0
113 30 0
116 30 0
117 30 0
119 30 0
141 30 0
143 30 0
145 30 0
147 30 0
151 30 0
156 30 0
168 30 0
180 30 0
183 30 0
186 30 0
188 30 0
194 30 0
196 30 0
32 31 0
34 31 0
35 31 0
36 31 0
37 31 0
38 31 0
39 31 0
40 31 0
41 31 0
42 31 0
43 31 0
44 31 0
45 31 0
55 31 0
56 31 0
58 31 0
59 31 0
61 31 0
62 31 0
63 31 0
72 31 0
76 31 0
82 31 0
84 31 0
86 31 0
87 31 0
89 31 0
90 31 0
92 31 0
95 31 0
98 31 0
101 31 0
103 31 0
106 31 0
107 31 0
108 31 0
110 31 0
111 31 0
113 31 0
116 31 0
117 31 0
119 31 0
141 31 0
143 31 0
145 31 0
147 31 0
151 31 0
156 31 0
168 31 0
180 31 0
183 31 0
186 31 0
188 31 0
194 31 0
196 31 0
110 32 0
106 32 0
103 32 0
98 32 0
90 32 0
87 32 0
62 32 0
116 32 0
117 32 0
119 32 0
113 32 0
82 32 0
86 32 0
61 32 0
84 32 0
63 32 0
58 32 0
55 32 0
111 32 0
59 32 0
56 32 0
45 32 0
44 32 0
43 32 0
42 32 0
41 32 0
40 32 0
39 32 0
38 32 0
35 32 0
180 32 0
36 32 0
168 32 0
34 32 0
156 32 0
151 32 0
147 32 0
145 32 0
143 32 0
141 32 0
79 33 0
73 33 0
66 33 0
130 33 0
74 33 0
70 33 0
64 33 0
54 33 0
53 33 0
52 33 0
51 33 0
50 33 0
49 33 0
48 33 0
47 33 0
46 33 0
134 33 0
106 34 0
103 34 0
98 34 0
90 34 0
87 34 0
62 34 0
116 34 0
117 34 0
119 34 0
113 34 0
82 34 0
110 34 0
86 34 0
61 34 0
84 34 0
111 34 0
58 34 0
55 34 0
59 34 0
56 34 0
45 34 0
44 34 0
43 34 0
42 34 0
41 34 0
40 34 0
39 34 0
38 34 0
156 34 0
63 34 0
151 34 0
147 34 0
145 34 0
143 34 0
110 35 0
106 35 0
103 35 0
98 35 0
90 35 0
87 35 0
62 35 0
116 35 0
117 35 0
119 35 0
113 35 0
82 35 0
86 35 0
61 35 0
84 35 0
111 35 0
58 35 0
55 35 0
59 35 0
56 35 0
45 35 0
44 35 0
43 35 0
42 35 0
41 35 0
40 35 0
39 35 0
38 35 0
180 35 0
63 35 0
110 36 0
106 36 0
103 36 0
98 36 0
90 36 0
87 36 0
62 36 0
116 36 0
117 36 0
119 36 0
113 36 0
82 36 0
86 36 0
61 36 0
84 36 0
111 36 0
58 36 0
55 36 0
59 36 0
56 36 0
45 36 0
44 36 0
43 36 0
42 36 0
41 36 0
40 36 0
39 36 0
38 36 0
168 36 0
63 36 0
188 37 0
186 37 0
58 37 0
55 37 0
59 37 0
56 37 0
45 37 0
44 37 0
43 37 0
42 37 0
41 37 0
40 37 0
39 37 0
38 37 0
194 37 0
76 38 0
72 38 0
63 38 0
62 38 0
61 38 0
59 38 0
58 38 0
56 38 0
55 38 0
45 38 0
44 38 0
43 38 0
42 38 0
41 38 0
40 38 0
39 38 0
196 38 0
188 38 0
186 38 0
183 38 0
194 38 0
119 38 0
117 38 0
116 38 0
113 38 0
111 38 0
110 38 0
108 38 0
107 38 0
106 38 0
103 38 0
101 38 0
98 38 0
95 38 0
92 38 0
90 38 0
89 38 0
87 38 0
86 38 0
84 38 0
82 38 0
180 38 0
168 38 0
156 38 0
151 38 0
147 38 0
145 38 0
143 38 0
141 38 0
76 39 0
72 39 0
63 39 0
62 39 0
61 39 0
59 39 0
58 39 0
56 39 0
55 39 0
45 39 0
44 39 0
43 39 0
42 39 0
41 39 0
40 39 0
196 39 0
188 39 0
186 39 0
183 39 0
194 39 0
119 39 0
117 39 0
116 39 0
113 39 0
111 39 0
110 39 0
108 39 0
107 39 0
106 39 0
103 39 0
101 39 0
98 39 0
95 39 0
92 39 0
90 39 0
89 39 0
87 39 0
86 39 0
84 39 0
82 39 0
180 39 0
168 39 0
156 39 0
151 39 0
147 39 0
145 39 0
143 39 0
141 39 0
76 40 0
72 40 0
63 40 0
62 40 0
61 40 0
59 40 0
58 40 0
56 40 0
55 40 0
45 40 0
44 40 0
43 40 0
42 40 0
41 40 0
196 40 0
188 40 0
186 40 0
183 40 0
194 40 0
119 40 0
117 40 0
116 40 0
113 40 0
111 40 0
110 40 0
108 40 0
107 40 0
106 40 0
103 40 0
101 40 0
98 40 0
95 40 0
92 40 0
90 40 0
89 40 0
87 40 0
86 40 0
84 40 0
82 40 0
180 40 0
168 40 0
156 40 0
151 40 0
147 40 0
145 40 0
143 40 0
141 40 0
76 41 0
72 41 0
63 41 0
62 41 0
61 41 0
59 41 0
58 41 0
56 41 0
55 41 0
45 41 0
44 41 0
43 41 0
42 41 0
196 41 0
188 41 0
186 41 0
183 41 0
194 41 0
119 41 0
117 41 0
116 41 0
113 41 0
111 41 0
110 41 0
108 41 0
107 41 0
106 41 0
103 41 0
101 41 0
98 41 0
95 41 0
92 41 0
90 41 0
89 41 0
87 41 0
86 41 0
84 41 0
82 41 0
180 41 0
168 41 0
156 41 0
151 41 0
147 41 0
145 41 0
143 41 0
141 41 0
76 42 0
72 42 0
63 42 0
62 42 0
61 42 0
59 42 0
58 42 0
56 42 0
55 42 0
45 42 0
44 42 0
43 42 0
196 42 0
188 42 0
186 42 0
183 42 0
194 42 0
119 42 0
117 42 0
116 42 0
113 42 0
111 42 0
110 42 0
108 42 0
107 42 0
106 42 0
103 42 0
101 42 0
98 42 0
95 42 0
92 42 0
90 42 0
89 42 0
87 42 0
86 42 0
84 42 0
82 42 0
180 42 0
168 42 0
156 42 0
151 42 0
147 42 0
145 42 0
143 42 0
141 42 0
76 43 0
72 43 0
63 43 0
62 43 0
61 43 0
59 43 0
58 43 0
56 43 0
55 43 0
45 43 0
44 43 0
196 43 0
188 43 0
186 43 0
183 43 0
194 43 0
119 43 0
117 43 0
116 43 0
113 43 0
111 43 0
110 43 0
108 43 0
107 43 0
106 43 0
103 43 0
101 43 0
98 43 0
95 43 0
92 43 0
90 43 0
89 43 0
87 43 0
86 43 0
84 43 0
82 43 0
180 43 0
168 43 0
156 43 0
151 43 0
147 43 0
145 43 0
143 43 0
141 43 0
76 44 0
72 44 0
63 44 0
62 44 0
61 44 0
59 44 0
58 44 0
56 44 0
55 44 0
45 44 0
196 44 0
188 44 0
186 44 0
183 44 0
194 44 0
119 44 0
117 44 0
116 44 0
113 44 0
111 44 0
110 44 0
108 44 0
107 44 0
106 44 0
103 44 0
101 44 0
98 44 0
95 44 0
92 44 0
90 44 0
89 44 0
87 44 0
86 44 0
84 44 0
82 44 0
180 44 0
168 44 0
156 44 0
151 44 0
147 44 0
145 44 0
143 44 0
141 44 0
76 45 0
72 45 0
63 45 0
62 45 0
61 45 0
59 45 0
58 45 0
56 45 0
55 45 0
196 45 0
188 45 0
186 45 0
183 45 0
194 45 0
119 45 0
117 45 0
116 45 0
113 45 0
111 45 0
110 45 0
108 45 0
107 45 0
106 45 0
103 45 0
101 45 0
98 45 0
95 45 0
92 45 0
90 45 0
89 45 0
87 45 0
86 45 0
84 45 0
82 45 0
180 45 0
168 45 0
156 45 0
151 45 0
147 45 0
145 45 0
143 45 0
141 45 0
74 46 0
73 46 0
70 46 0
67 46 0
66 46 0
64 46 0
54 46 0
53 46 0
52 46 0
51 46 0
50 46 0
49 46 0
48 46 0
47 46 0
191 46 0
190 46 0
79 46 0
130 46 0
129 46 0
128 46 0
127 46 0
126 46 0
125 46 0
124 46 0
120 46 0
177 46 0
176 46 0
175 46 0
173 46 0
172 46 0
135 46 0
134 46 0
165 46 0
164 46 0
163 46 0
162 46 0
161 46 0
160 46 0
159 46 0
138 46 0
137 46 0
136 46 0
153 46 0
152 46 0
150 46 0
149 46 0
148 46 0
146 46 0
144 46 0
74 47 0
73 47 0
70 47 0
67 47 0
66 47 0
64 47 0
54 47 0
53 47 0
52 47 0
51 47 0
50 47 0
49 47 0
48 47 0
191 47 0
190 47 0
79 47 0
130 47 0
129 47 0
128 47 0
127 47 0
126 47 0
125 47 0
124 47 0
120 47 0
177 47 0
176 47 0
175 47 0
173 47 0
172 47 0
135 47 0
134 47 0
165 47 0
164 47 0
163 47 0
162 47 0
161 47 0
160 47 0
159 47 0
138 47 0
137 47 0
136 47 0
153 47 0
152 47 0
150 47 0
149 47 0
148 47 0
146 47 0
144 47 0
74 48 0
73 48 0
70 48 0
67 48 0
66 48 0
64 48 0
54 48 0
53 48 0
52 48 0
51 48 0
50 48 0
49 48 0
191 48 0
190 48 0
79 48 0
130 48 0
129 48 0
128 48 0
127 48 0
126 48 0
125 48 0
124 48 0
120 48 0
177 48 0
176 48 0
175 48 0
173 48 0
172 48 0
135 48 0
134 48 0
165 48 0
164 48 0
163 48 0
162 48 0
161 48 0
160 48 0
159 48 0
138 48 0
137 48 0
136 48 0
153 48 0
152 48 0
150 48 0
149 48 0
148 48 0
146 48 0
144 48 0
74 49 0
73 49 0
70 49 0
67 49 0
66 49 0
64 49 0
54 49 0
53 49 0
52 49 0
51 49 0
50 49 0
191 49 0
190 49 0
79 49 0
130 49 0
129 49 0
128 49 0
127 49 0
126 49 0
125 49 0
124 49 0
120 49 0
177 49 0
176 49 0
175 49 0
173 49 0
172 49 0
135 49 0
134 49 0
165 49 0
164 49 0
163 49 0
162 49 0
161 49 0
160 49 0
159 49 0
138 49 0
137 49 0
136 49 0
153 49 0
152 49 0
150 49 0
149 49 0
148 49 0
146 49 0
144 49 0
74 50 0
73 50 0
70 50 0
67 50 0
66 50 0
64 50 0
54 50 0
53 50 0
52 50 0
51 50 0
191 50 0
190 50 0
79 50 0
130 50 0
129 50 0
128 50 0
127 50 0
126 50 0
125 50 0
124 50 0
120 50 0
177 50 0
176 50 0
175 50 0
173 50 0
172 50 0
135 50 0
134 50 0
165 50 0
164 50 0
163 50 0
162 50 0
161 50 0
160 50 0
159 50 0
138 50 0
137 50 0
136 50 0
153 50 0
152 50 0
150 50 0
149 50 0
148 50 0
146 50 0
144 50 0
74 51 0
73 51 0
70 51 0
67 51 0
66 51 0
64 51 0
54 51 0
53 51 0
52 51 0
191 51 0
190 51 0
79 51 0
130 51 0
129 51 0
128 51 0
127 51 0
126 51 0
125 51 0
124 51 0
120 51 0
177 51 0
176 51 0
175 51 0
173 51 0
172 51 0
135 51 0
134 51 0
165 51 0
164 51 0
163 51 0
162 51 0
161 51 0
160 51 0
159 51 0
138 51 0
137 51 0
136 51 0
153 51 0
152 51 0
150 51 0
149 51 0
148 51 0
146 51 0
144 51 0
74 52 0
73 52 0
70 52 0
67 52 0
66 52 0
64 52 0
54 52 0
53 52 0
191 52 0
190 52 0
79 52 0
130 52 0
129 52 0
128 52 0
127 52 0
126 52 0
125 52 0
124 52 0
120 52 0
177 52 0
176 52 0
175 52 0
173 52 0
172 52 0
135 52 0
134 52 0
165 52 0
164 52 0
163 52 0
162 52 0
161 52 0
160 52 0
159 52 0
138 52 0
137 52 0
136 52 0
153 52 0
152 52 0
150 52 0
149 52 0
148 52 0
146 52 0
144 52 0
74 53 0
73 53 0
70 53 0
67 53 0
66 53 0
64 53 0
54 53 0
191 53 0
190 53 0
79 53 0
130 53 0
129 53 0
128 53 0
127 53 0
126 53 0
125 53 0
124 53 0
120 53 0
177 53 0
176 53 0
175 53 0
173 53 0
172 53 0
135 53 0
134 53 0
165 53 0
164 53 0
163 53 0
162 53 0
161 53 0
160 53 0
159 53 0
138 53 0
137 53 0
136 53 0
153 53 0
152 53 0
150 53 0
149 53 0
148 53 0
146 53 0
144 53 0
74 54 0
73 54 0
70 54 0
67 54 0
66 54 0
64 54 0
191 54 0
190 54 0
79 54 0
130 54 0
129 54 0
128 54 0
127 54 0
126 54 0
125 54 0
124 54 0
120 54 0
177 54 0
176 54 0
175 54 0
173 54 0
172 54 0
135 54 0
134 54 0
165 54 0
164 54 0
163 54 0
162 54 0
161 54 0
160 54 0
159 54 0
138 54 0
137 54 0
136 54 0
153 54 0
152 54 0
150 54 0
149 54 0
148 54 0
146 54 0
144 54 0
76 55 0
72 55 0
63 55 0
62 55 0
61 55 0
59 55 0
58 55 0
56 55 0
196 55 0
188 55 0
186 55 0
183 55 0
194 55 0
119 55 0
117 55 0
116 55 0
113 55 0
111 55 0
110 55 0
108 55 0
107 55 0
106 55 0
103 55 0
101 55 0
98 55 0
95 55 0
92 55 0
90 55 0
89 55 0
87 55 0
86 55 0
84 55 0
82 55 0
180 55 0
168 55 0
156 55 0
151 55 0
147 55 0
145 55 0
143 55 0
141 55 0
76 56 0
72 56 0
63 56 0
62 56 0
61 56 0
59 56 0
58 56 0
196 56 0
188 56 0
186 56 0
183 56 0
194 56 0
119 56 0
117 56 0
116 56 0
113 56 0
111 56 0
110 56 0
108 56 0
107 56 0
106 56 0
103 56 0
101 56 0
98 56 0
95 56 0
92 56 0
90 56 0
89 56 0
87 56 0
86 56 0
84 56 0
82 56 0
180 56 0
168 56 0
156 56 0
151 56 0
147 56 0
145 56 0
143 56 0
141 56 0
76 58 0
72 58 0
63 58 0
62 58 0
61 58 0
59 58 0
196 58 0
188 58 0
186 58 0
183 58 0
194 58 0
119 58 0
117 58 0
116 58 0
113 58 0
111 58 0
110 58 0
108 58 0
107 58 0
106 58 0
103 58 0
101 58 0
98 58 0
95 58 0
92 58 0
90 58 0
89 58 0
87 58 0
86 58 0
84 58 0
82 58 0
180 58 0
168 58 0
156 58 0
151 58 0
147 58 0
145 58 0
143 58 0
141 58 0
76 59 0
72 59 0
63 59 0
62 59 0
61 59 0
196 59 0
188 59 0
186 59 0
183 59 0
194 59 0
119 59 0
117 59 0
116 59 0
113 59 0
111 59 0
110 59 0
108 59 0
107 59 0
106 59 0
103 59 0
101 59 0
98 59 0
95 59 0
92 59 0
90 59 0
89 59 0
87 59 0
86 59 0
84 59 0
82 59 0
180 59 0
168 59 0
156 59 0
151 59 0
147 59 0
145 59 0
143 59 0
141 59 0
76 61 0
72 61 0
63 61 0
62 61 0
196 61 0
186 61 0
183 61 0
119 61 0
117 61 0
116 61 0
113 61 0
111 61 0
110 61 0
108 61 0
107 61 0
106 61 0
103 61 0
101 61 0
98 61 0
95 61 0
92 61 0
90 61 0
89 61 0
87 61 0
86 61 0
84 61 0
82 61 0
180 61 0
168 61 0
156 61 0
151 61 0
147 61 0
145 61 0
143 61 0
141 61 0
76 62 0
72 62 0
63 62 0
119 62 0
117 62 0
116 62 0
113 62 0
111 62 0
110 62 0
108 62 0
107 62 0
106 62 0
103 62 0
101 62 0
98 62 0
95 62 0
92 62 0
90 62 0
89 62 0
87 62 0
86 62 0
84 62 0
82 62 0
180 62 0
168 62 0
156 62 0
151 62 0
147 62 0
145 62 0
143 62 0
141 62 0
76 63 0
72 63 0
119 63 0
117 63 0
116 63 0
113 63 0
111 63 0
110 63 0
108 63 0
107 63 0
106 63 0
103 63 0
101 63 0
98 63 0
95 63 0
92 63 0
90 63 0
89 63 0
87 63 0
86 63 0
84 63 0
82 63 0
180 63 0
168 63 0
156 63 0
151 63 0
147 63 0
145 63 0
143 63 0
141 63 0
74 64 0
73 64 0
70 64 0
67 64 0
66 64 0
79 64 0
130 64 0
129 64 0
128 64 0
127 64 0
126 64 0
125 64 0
124 64 0
120 64 0
177 64 0
176 64 0
175 64 0
173 64 0
172 64 0
135 64 0
134 64 0
165 64 0
164 64 0
163 64 0
162 64 0
161 64 0
160 64 0
159 64 0
138 64 0
137 64 0
136 64 0
153 64 0
152 64 0
150 64 0
149 64 0
148 64 0
146 64 0
144 64 0
74 66 0
73 66 0
70 66 0
67 66 0
79 66 0
130 66 0
129 66 0
128 66 0
127 66 0
126 66 0
125 66 0
124 66 0
120 66 0
177 66 0
176 66 0
175 66 0
173 66 0
172 66 0
135 66 0
134 66 0
165 66 0
164 66 0
163 66 0
162 66 0
161 66 0
160 66 0
159 66 0
138 66 0
137 66 0
136 66 0
153 66 0
152 66 0
150 66 0
149 66 0
148 66 0
146 66 0
144 66 0
74 70 0
73 70 0
79 70 0
130 70 0
129 70 0
128 70 0
127 70 0
126 70 0
125 70 0
124 70 0
120 70 0
177 70 0
176 70 0
175 70 0
173 70 0
172 70 0
135 70 0
134 70 0
165 70 0
164 70 0
163 70 0
162 70 0
161 70 0
160 70 0
159 70 0
138 70 0
137 70 0
136 70 0
153 70 0
152 70 0
150 70 0
149 70 0
148 70 0
146 70 0
144 70 0
76 72 0
119 72 0
117 72 0
116 72 0
113 72 0
111 72 0
110 72 0
108 72 0
107 72 0
106 72 0
103 72 0
101 72 0
98 72 0
95 72 0
92 72 0
90 72 0
89 72 0
87 72 0
86 72 0
84 72 0
82 72 0
74 73 0
79 73 0
130 73 0
129 73 0
128 73 0
127 73 0
126 73 0
125 73 0
124 73 0
120 73 0
177 73 0
176 73 0
175 73 0
173 73 0
172 73 0
135 73 0
134 73 0
165 73 0
164 73 0
163 73 0
162 73 0
161 73 0
160 73 0
159 73 0
138 73 0
137 73 0
136 73 0
153 73 0
152 73 0
150 73 0
149 73 0
148 73 0
146 73 0
144 73 0
79 74 0
130 74 0
129 74 0
128 74 0
127 74 0
126 74 0
125 74 0
124 74 0
120 74 0
177 74 0
176 74 0
175 74 0
173 74 0
172 74 0
135 74 0
134 74 0
165 74 0
164 74 0
163 74 0
162 74 0
161 74 0
160 74 0
159 74 0
138 74 0
137 74 0
136 74 0
153 74 0
152 74 0
150 74 0
149 74 0
148 74 0
146 74 0
144 74 0
130 79 0
129 79 0
128 79 0
127 79 0
126 79 0
125 79 0
124 79 0
120 79 0
177 79 0
176 79 0
175 79 0
173 79 0
172 79 0
135 79 0
134 79 0
165 79 0
164 79 0
163 79 0
162 79 0
161 79 0
160 79 0
159 79 0
138 79 0
137 79 0
136 79 0
153 79 0
152 79 0
150 79 0
149 79 0
148 79 0
146 79 0
144 79 0
119 82 0
117 82 0
116 82 0
113 82 0
111 82 0
110 82 0
108 82 0
107 82 0
106 82 0
103 82 0
101 82 0
98 82 0
95 82 0
92 82 0
90 82 0
89 82 0
87 82 0
86 82 0
84 82 0
180 82 0
168 82 0
156 82 0
151 82 0
147 82 0
145 82 0
143 82 0
141 82 0
119 84 0
117 84 0
116 84 0
113 84 0
111 84 0
110 84 0
108 84 0
107 84 0
106 84 0
103 84 0
101 84 0
98 84 0
95 84 0
92 84 0
90 84 0
89 84 0
87 84 0
86 84 0
180 84 0
168 84 0
156 84 0
151 84 0
147 84 0
145 84 0
143 84 0
141 84 0
119 86 0
117 86 0
116 86 0
113 86 0
111 86 0
110 86 0
108 86 0
107 86 0
106 86 0
103 86 0
101 86 0
98 86 0
95 86 0
92 86 0
90 86 0
89 86 0
87 86 0
180 86 0
168 86 0
156 86 0
151 86 0
147 86 0
145 86 0
143 86 0
141 86 0
119 87 0
117 87 0
116 87 0
113 87 0
111 87 0
110 87 0
108 87 0
107 87 0
106 87 0
103 87 0
101 87 0
98 87 0
95 87 0
92 87 0
90 87 0
89 87 0
180 87 0
168 87 0
156 87 0
151 87 0
147 87 0
145 87 0
143 87 0
141 87 0
119 90 0
117 90 0
116 90 0
113 90 0
111 90 0
110 90 0
108 90 0
107 90 0
106 90 0
103 90 0
101 90 0
98 90 0
95 90 0
92 90 0
180 90 0
168 90 0
156 90 0
151 90 0
147 90 0
145 90 0
143 90 0
141 90 0
107 92 0
106 92 0
103 92 0
101 92 0
98 92 0
95 92 0
110 95 0
108 95 0
107 95 0
106 95 0
103 95 0
101 95 0
98 95 0
119 98 0
117 98 0
116 98 0
113 98 0
111 98 0
110 98 0
108 98 0
107 98 0
106 98 0
103 98 0
101 98 0
180 98 0
168 98 0
156 98 0
151 98 0
147 98 0
145 98 0
143 98 0
141 98 0
106 101 0
103 101 0
119 103 0
117 103 0
116 103 0
113 103 0
111 103 0
110 103 0
108 103 0
107 103 0
106 103 0
180 103 0
168 103 0
156 103 0
151 103 0
147 103 0
145 103 0
143 103 0
141 103 0
119 106 0
117 106 0
116 106 0
113 106 0
111 106 0
110 106 0
108 106 0
107 106 0
180 106 0
168 106 0
156 106 0
151 106 0
147 106 0
145 106 0
143 106 0
141 106 0
113 107 0
111 107 0
110 107 0
108 107 0
117 108 0
116 108 0
113 108 0
111 108 0
110 108 0
119 110 0
117 110 0
116 110 0
113 110 0
111 110 0
180 110 0
168 110 0
156 110 0
151 110 0
147 110 0
145 110 0
143 110 0
141 110 0
119 111 0
117 111 0
116 111 0
113 111 0
180 111 0
168 111 0
156 111 0
151 111 0
147 111 0
145 111 0
143 111 0
141 111 0
119 113 0
117 113 0
116 113 0
180 113 0
168 113 0
156 113 0
151 113 0
147 113 0
145 113 0
143 113 0
141 113 0
119 116 0
117 116 0
180 116 0
168 116 0
156 116 0
151 116 0
147 116 0
145 116 0
143 116 0
141 116 0
119 117 0
180 117 0
168 117 0
156 117 0
151 117 0
147 117 0
145 117 0
143 117 0
141 117 0
180 119 0
168 119 0
156 119 0
151 119 0
147 119 0
145 119 0
143 119 0
141 119 0
177 130 0
176 130 0
175 130 0
173 130 0
172 130 0
137 136 0
151 143 0
147 143 0
145 143 0
149 144 0
148 144 0
146 144 0
148 146 0
152 150 0
162 159 0
161 159 0
160 159 0
161 160 0
164 163 0
188 183 0
186 183 0
188 186 0
194 186 0
194 188 0
